0 0 8.83511e-27 8.26612e-20 3.09237e-16 6.90322e-14 3.50766e-12 7.113e-11 7.69631e-10 5.26971e-09 2.54711e-08 9.36555e-08
0.0390625 0 7.11725e-25 2.33544e-18 5.18985e-15 8.09751e-13 3.1128e-11 5.00209e-10 4.41996e-09 2.52384e-08 1.03313e-07 3.25567e-07
0.078125 0 4.73314e-23 5.68921e-17 7.68199e-14 8.53643e-12 2.52546e-10 3.2678e-09 2.39391e-08 1.15622e-07 4.06148e-07 1.11016e-06
0.117188 0 2.59772e-21 1.17123e-15 9.65042e-13 7.64208e-11 1.73823e-09 1.80753e-08 1.09489e-07 4.45885e-07 1.33931e-06 3.16345e-06
0.15625 0 1.18511e-19 2.04943e-14 1.03432e-11 5.83677e-10 1.01879e-08 8.48667e-08 4.23226e-07 1.44541e-06 3.68856e-06 7.47237e-06
0.195312 0 4.51775e-18 3.05987e-13 9.49006e-11 3.81403e-09 5.09539e-08 3.38601e-07 1.3824e-06 3.93145e-06 8.45092e-06 1.45347e-05
0.234375 0 1.44417e-16 3.90669e-12 7.46617e-10 2.13423e-08 2.17447e-07 1.1464e-06 3.80352e-06 8.92308e-06 1.59689e-05 2.29864e-05
0.273438 0 3.87901e-15 4.26821e-11 5.03643e-09 1.02168e-07 7.89962e-07 3.27989e-06 8.75543e-06 1.67245e-05 2.45039e-05 2.88941e-05
0.3125 0 8.75892e-14 3.98698e-10 2.9079e-08 4.17142e-07 2.43104e-06 7.86907e-06 1.66654e-05 2.54303e-05 2.97224e-05 2.77006e-05
0.351562 0 1.66102e-12 3.17642e-09 1.43177e-07 1.44466e-06 6.28531e-06 1.56342e-05 2.57269e-05 3.04255e-05 2.71101e-05 1.85843e-05
0.390625 0 2.63844e-11 2.14916e-08 5.9762e-07 4.20749e-06 1.3477e-05 2.52082e-05 3.11632e-05 2.70371e-05 1.66356e-05 6.74921e-06
0.429688 8.31248e-272 3.49455e-10 1.22695e-07 2.09591e-06 1.01721e-05 2.34843e-05 3.18812e-05 2.78106e-05 1.55656e-05 4.54227e-06 -6.63995e-07
0.46875 1.30335e-215 3.83298e-09 5.85553e-07 6.09635e-06 2.00124e-05 3.21593e-05 2.96456e-05 1.56532e-05 3.04209e-06 -1.86043e-06 -1.57341e-06
0.507812 4.82597e-166 3.44754e-08 2.30535e-06 1.44261e-05 3.10332e-05 3.25151e-05 1.72652e-05 2.2545e-06 -2.78383e-06 -1.55514e-06 6.43772e-08
0.546875 4.21988e-123 2.50761e-07 7.34595e-06 2.69525e-05 3.58212e-05 2.09012e-05 2.3564e-06 -3.6454e-06 -1.52395e-06 4.26915e-07 4.52673e-07
0.585938 8.71379e-87 1.44585e-06 1.84089e-05 3.77733e-05 2.70735e-05 3.86666e-06 -4.58928e-06 -1.62843e-06 7.76396e-07 4.79709e-07 -1.00594e-07
0.625 4.24919e-57 6.41578e-06 3.46247e-05 3.57427e-05 7.87845e-06 -5.61328e-06 -2.04599e-06 1.14134e-06 5.00461e-07 -2.33988e-07 -1.31616e-07
0.664062 4.89325e-34 2.09087e-05 4.47598e-05 1.6273e-05 -6.34941e-06 -3.04411e-06 1.54799e-06 5.66451e-07 -3.81537e-07 -1.1693e-07 8.8005e-08
0.703125 1.3307e-17 4.60501e-05 3.16301e-05 -5.58306e-06 -5.0225e-06 1.98049e-06 7.49051e-07 -5.61569e-07 -9.4652e-08 1.39191e-07 1.23403e-08
0.742188 8.54588e-08 5.67895e-05 -4.03765e-07 -8.49013e-06 2.32167e-06 1.15856e-06 -8.01822e-07 -7.7008e-08 1.99547e-07 -1.54272e-08 -4.44469e-08
0.78125 0.000129606 1.53829e-05 -1.41465e-05 2.33907e-06 1.95873e-06 -1.13868e-06 -7.96078e-08 2.81692e-07 -5.35571e-08 -5.38614e-08 2.21445e-08
0.820312 4.64178e-08 -2.68162e-05 2.26722e-06 3.36343e-06 -1.63983e-06 -1.19106e-07 4.05696e-07 -1.05742e-07 -6.25487e-08 4.1235e-08 5.47746e-09
0.859375 3.92588e-18 1.20483e-05 5.47866e-06 -2.56895e-06 -1.77618e-07 6.00896e-07 -1.8221e-07 -7.25125e-08 6.64862e-08 -2.92093e-09 -1.49095e-08
0.898438 7.84117e-35 -3.38182e-06 -5.26508e-06 2.78402e-08 9.02938e-07 -3.11853e-07 -8.26607e-08 1.01872e-07 -1.70245e-08 -1.83869e-08 9.43706e-09
0.9375 3.69843e-58 7.11155e-07 2.86498e-06 1.22941e-06 -5.86169e-07 -7.42184e-08 1.53144e-07 -4.06807e-08 -2.05454e-08 1.6824e-08 -5.31267e-10
0.976562 4.11951e-88 -1.21382e-07 -1.16822e-06 -1.23342e-06 5.74431e-08 2.21514e-07 -8.3501e-08 -1.91414e-08 2.66343e-08 -5.27526e-09 -4.52122e-09
1.01562 1.08359e-124 1.75884e-08 3.92661e-07 8.01676e-07 2.43719e-07 -1.67124e-07 -5.27555e-09 3.90624e-08 -1.35075e-08 -4.11607e-09 4.69725e-09
1.05469 6.73098e-168 -2.22606e-09 -1.14172e-07 -4.13898e-07 -2.99886e-07 5.28771e-08 5.01145e-08 -2.75595e-08 -1.39035e-09 7.01939e-09 -2.2815e-09
1.09375 9.87377e-218 2.50909e-10 2.95674e-08 1.82802e-07 2.34916e-07 3.16044e-08 -4.98762e-08 6.85064e-09 8.98753e-09 -5.01399e-09 -2.36494e-10
1.13281 3.42042e-274 -2.55386e-11 -6.95409e-09 -7.17575e-08 -1.47703e-07 -6.62307e-08 2.80145e-08 8.02825e-09 -8.94686e-09 1.43874e-09 1.57881e-09
1.17188 0 2.37158e-12 1.50616e-09 2.56264e-08 8.04257e-08 6.58133e-08 -5.06188e-09 -1.30964e-08 4.93028e-09 1.29244e-09 -1.6654e-09
1.21094 0 -2.02496e-13 -3.03526e-10 -8.45811e-09 -3.93633e-08 -5.0378e-08 -9.6559e-09 1.10134e-08 -5.60179e-10 -2.36492e-09 1.0221e-09
1.25 0 1.59927e-14 5.73683e-11 2.60937e-09 1.7703e-08 3.30922e-08 1.54143e-08 -6.03207e-09 -2.23909e-09 2.08592e-09 -2.33033e-10
1.28906 0 -1.17371e-15 -1.02336e-11 -7.58866e-10 -7.42309e-09 -1.95235e-08 -1.51601e-08 1.26214e-09 3.15037e-09 -1.16278e-09 -3.35561e-10
1.32812 0 8.03304e-17 1.73164e-12 2.09425e-10 2.9322e-09 1.06052e-08 1.21429e-08 1.91812e-09 -2.72229e-09 2.07598e-10 5.72212e-10
1.36719 0 -5.14134e-18 -2.79098e-13 -5.51329e-11 -1.09957e-09 -5.38723e-09 -8.57341e-09 -3.38691e-09 1.69448e-09 4.48237e-10 -5.35998e-10
1.40625 0 3.08353e-19 4.29938e-14 1.39049e-11 3.93791e-10 2.58663e-09 5.53055e-09 3.60565e-09 -6.31608e-10 -7.30465e-10 3.51613e-10
1.44531 0 -1.73559e-20 -6.34813e-15 -3.37161e-12 -1.35326e-10 -1.18304e-09 -3.32592e-09 -3.13796e-09 -1.71953e-10 7.16992e-10 -1.35019e-10
1.48438 0 9.17743e-22 9.0058e-16 7.88314e-13 4.47963e-11 5.18465e-10 1.88871e-09 2.4217e-09 6.40378e-10 -5.36261e-10 -3.98123e-11
1.52344 0 -4.56171e-23 -1.23005e-16 -1.78173e-13 -1.43296e-11 -2.18731e-10 -1.02185e-09 -1.71747e-09 -8.22447e-10 3.03021e-10 1.43523e-10
1.5625 0 2.13186e-24 1.62032e-17 3.90114e-14 4.44141e-12 8.91641e-11 5.30158e-10 1.14148e-09 8.11778e-10 -9.23447e-11 -1.78766e-10
1.60156 0 -9.366e-26 -2.06161e-18 -8.28991e-15 -1.33685e-12 -3.52283e-11 -2.65084e-10 -7.19756e-10 -6.98597e-10 -6.09082e-11 1.64405e-10
1.64062 0 3.86633e-27 2.53685e-19 1.71241e-15 3.91534e-13 1.35246e-11 1.28241e-10 4.34199e-10 5.49421e-10 1.51022e-10 -1.22983e-10
1.67969 0 -1.49842e-28 -3.02234e-20 -3.44326e-16 -1.11765e-13 -5.05621e-12 -6.02157e-11 -2.52128e-10 -4.04327e-10 -1.8835e-10 7.34038e-11
1.71875 0 5.44573e-30 3.48952e-21 6.74787e-17 3.1141e-14 1.84417e-12 2.7515e-11 1.41576e-10 2.82341e-10 1.88984e-10 -2.81576e-11
1.75781 0 -1.85311e-31 -3.90763e-22 -1.29022e-17 -8.48017e-15 -6.5727e-13 -1.22619e-11 -7.71547e-11 -1.88802e-10 -1.68419e-10 -6.51281e-12
1.79688 0 5.8931e-33 4.24707e-23 2.40919e-18 2.25951e-15 2.29223e-13 5.33925e-12 4.09268e-11 1.21682e-10 1.38671e-10 2.90575e-11
1.83594 0 -1.74735e-34 -4.48284e-24 -4.397e-19 -5.89653e-16 -7.83204e-14 -2.27525e-12 -2.11819e-11 -7.5946e-11 -1.07658e-10 -4.07677e-11
1.875 0 4.81723e-36 4.59751e-25 7.84953e-20 1.50848e-16 2.62458e-14 9.50183e-13 1.07177e-11 4.60725e-11 7.97766e-11 4.42162e-11
1.91406 0 -1.23072e-37 -4.58335e-26 -1.37158e-20 -3.78608e-17 -8.63434e-15 -3.89347e-13 -5.31073e-12 -2.7246e-11 -5.68815e-11 -4.21914e-11
1.95312 0 2.90237e-39 4.44308e-27 2.34718e-21 9.32948e-18 2.79095e-15 1.56704e-13 2.5808e-12 1.5744e-11 3.92467e-11 3.71081e-11
1.99219 0 -6.28842e-41 -4.1894e-28 -3.93596e-22 -2.25851e-18 -8.87073e-16 -6.20074e-14 -1.23154e-12 -8.90703e-12 -2.63151e-11 -3.07747e-11
2.03125 0 1.24477e-42 3.8431e-29 6.47052e-23 5.37448e-19 2.77428e-16 2.41431e-14 5.77715e-13 4.94164e-12 1.72026e-11 2.43836e-11
2.07031 0 -2.23593e-44 -3.43041e-30 -1.04327e-23 -1.25784e-19 -8.54266e-17 -9.25667e-15 -2.66668e-13 -2.69242e-12 -1.09923e-11 -1.86141e-11
2.10938 0 3.61469e-46 2.97985e-31 1.65039e-24 2.89668e-20 2.59138e-17 3.4972e-15 1.21225e-13 1.44236e-12 6.88022e-12 1.37707e-11
2.14844 0 -5.20584e-48 -2.51917e-32 -2.56245e-25 -6.56666e-21 -7.74791e-18 -1.30273e-15 -5.43139e-14 -7.60537e-13 -4.22564e-12 -9.91483e-12
2.1875 0 6.59334e-50 2.07274e-33 3.90602e-26 1.46598e-21 2.28431e-18 4.78733e-16 2.40007e-14 3.95083e-13 2.55031e-12 6.97004e-12
2.22656 0 -7.22121e-52 -1.65976e-34 -5.84711e-27 -3.22409e-22 -6.64396e-19 -1.73643e-16 -1.04664e-14 -2.02363e-13 -1.51443e-12 -4.79631e-12
2.26562 0 6.68531e-54 1.29339e-35 8.59763e-28 6.98751e-23 1.90707e-19 6.21934e-17 4.50685e-15 1.02274e-13 8.85786e-13 3.23735e-12
2.30469 0 -5.0642e-56 -9.80745e-37 -1.24205e-28 -1.4928e-23 -5.40414e-20 -2.20056e-17 -1.91722e-15 -5.10358e-14 -5.10785e-13 -2.14691e-12
2.34375 0 2.98399e-58 7.23537e-38 1.76319e-29 3.14459e-24 1.51234e-20 7.69467e-18 8.06105e-16 2.51601e-14 2.90627e-13 1.40084e-12
2.38281 0 -1.24889e-60 -5.19236e-39 -2.45999e-30 -6.53305e-25 -4.18085e-21 -2.65991e-18 -3.35132e-16 -1.22605e-14 -1.63282e-13 -9.00389e-13
2.42188 0 2.98015e-63 3.62387e-40 3.37364e-31 1.33892e-25 1.14206e-21 9.09296e-19 1.37819e-16 5.9084e-15 9.06417e-14 5.70673e-13
2.46094 0 -5.28717e-67 -2.45908e-41 -4.54832e-32 -2.7075e-26 -3.08344e-22 -3.0749e-19 -5.60826e-17 -2.817e-15 -4.97459e-14 -3.5698e-13
2.5 0 -1.23758e-68 1.62195e-42 6.02879e-33 5.40307e-27 8.23003e-23 1.02888e-19 2.25897e-17 1.32933e-15 2.70056e-14 2.20566e-13
2.53906 0 -4.06676e-78 -1.03949e-43 -7.85733e-34 -1.06425e-27 -2.17211e-23 -3.40735e-20 -9.0092e-18 -6.21105e-16 -1.45085e-14 -1.34701e-13
2.57812 0 -3.00848e-94 6.47089e-45 1.00696e-34 2.06941e-28 5.66976e-24 1.11709e-20 3.55858e-18 2.87428e-16 7.71704e-15 8.13588e-14
2.61719 0 -5.0288e-117 -3.91096e-46 -1.26902e-35 -3.97291e-29 -1.46395e-24 -3.62637e-21 -1.39248e-18 -1.31783e-16 -4.06544e-15 -4.86269e-14
2.65625 0 -1.90547e-146 2.29396e-47 1.57272e-36 7.5316e-30 3.73975e-25 1.16589e-21 5.39923e-19 5.98791e-17 2.12201e-15 2.8774e-14
2.69531 0 -1.64135e-182 -1.30512e-48 -1.91681e-37 -1.41004e-30 -9.45322e-26 -3.71299e-22 -2.07489e-19 -2.69709e-17 -1.09778e-15 -1.68642e-14
2.73438 0 -3.22228e-225 7.19861e-50 2.29747e-38 2.60727e-31 2.36484e-26 1.17151e-22 7.90444e-20 1.20455e-17 5.63039e-16 9.79383e-15
2.77344 0 -1.44503e-274 -3.84698e-51 -2.7081e-39 -4.76204e-32 -5.85552e-27 -3.66269e-23 -2.98566e-20 -5.3353e-18 -2.86379e-16 -5.63788e-15
2.8125 0 0 1.99062e-52 3.13917e-40 8.59187e-33 1.43524e-27 1.13487e-23 1.11835e-20 2.34418e-18 1.44488e-16 3.21811e-15
2.85156 0 0 -9.96672e-54 -3.57841e-41 -1.53145e-33 -3.48283e-28 -3.48534e-24 -4.1549e-21 -1.02189e-18 -7.23296e-17 -1.82197e-15
2.89062 0 0 4.8249e-55 4.01117e-42 2.69691e-34 8.36815e-29 1.0611e-24 1.53127e-21 4.42058e-19 3.59326e-17 1.02343e-15
2.92969 0 0 -2.25654e-56 -4.42116e-43 -4.69249e-35 -1.99095e-29 -3.2028e-25 -5.59906e-22 -1.89797e-19 -1.7719e-17 -5.70516e-16
2.96875 0 0 1.01868e-57 4.79136e-44 8.06744e-36 4.69099e-30 9.58556e-26 2.03146e-22 8.08914e-20 8.67459e-18 3.15697e-16
3.00781 0 0 -4.4347e-59 -5.10514e-45 -1.37051e-36 -1.09465e-30 -2.84488e-26 -7.31453e-23 -3.42282e-20 -4.21693e-18 -1.73446e-16
3.04688 0 0 1.85983e-60 5.34745e-46 2.30067e-37 2.53005e-31 8.37361e-27 2.61398e-23 1.43812e-20 2.03589e-18 9.46324e-17
3.08594 0 0 -7.5056e-62 -5.50598e-47 -3.81653e-38 -5.79232e-32 -2.44458e-27 -9.27259e-24 -6.00053e-21 -9.76314e-19 -5.12836e-17
3.125 0 0 2.91123e-63 5.5722e-48 6.25652e-39 1.31364e-32 7.07904e-28 3.26536e-24 2.4867e-21 4.6512e-19 2.76095e-17
3.16406 0 0 -1.08388e-64 -5.54209e-49 -1.01357e-39 -2.95135e-33 -2.03357e-28 -1.14165e-24 -1.02364e-21 -2.20161e-19 -1.47691e-17
3.20312 0 0 3.86796e-66 5.41652e-50 1.62269e-40 6.56922e-34 5.79549e-29 3.96319e-25 4.18605e-22 1.03555e-19 7.85109e-18
3.24219 0 0 -1.321e-67 -5.20128e-51 -2.56731e-41 -1.44868e-34 -1.6387e-29 -1.36618e-25 -1.70075e-22 -4.84072e-20 -4.14812e-18
3.28125 0 0 4.31031e-69 4.90658e-52 4.01407e-42 3.16532e-35 4.5974e-30 4.67684e-26 6.86593e-23 2.24908e-20 2.1786e-18
3.32031 0 0 -1.34119e-70 -4.54632e-53 -6.20226e-43 -6.85275e-36 -1.27984e-30 -1.59007e-26 -2.75434e-23 -1.03873e-20 -1.13753e-18
3.35938 0 0 3.97152e-72 4.13695e-54 9.47042e-44 1.47004e-36 3.53554e-31 5.3694e-27 1.09808e-23 4.76923e-21 5.90559e-19
3.39844 0 0 -1.11667e-73 -3.69627e-55 -1.42901e-44 -3.1248e-37 -9.69245e-32 -1.801e-27 -4.3509e-24 -2.17711e-21 -3.04877e-19
3.4375 0 0 2.97374e-75 3.24212e-56 2.13079e-45 6.58196e-38 2.637e-32 6.00072e-28 1.71352e-24 9.8819e-22 1.56529e-19
3.47656 0 0 -7.47945e-77 -2.7912e-57 -3.13958e-46 -1.37385e-38 -7.12039e-33 -1.9862e-28 -6.70803e-25 -4.46028e-22 -7.9931e-20
3.51562 0 0 1.77116e-78 2.35807e-58 4.57105e-47 2.84173e-39 1.90824e-33 6.53124e-29 2.61051e-25 2.00208e-22 4.06003e-20
3.55469 0 0 -3.93479e-80 -1.95448e-59 -6.57595e-48 -5.82492e-40 -5.07591e-34 -2.13375e-29 -1.00997e-25 -8.93783e-23 -2.05152e-20
3.59375 0 0 8.16771e-82 1.58896e-60 9.34722e-49 1.18323e-40 1.34018e-34 6.92609e-30 3.88477e-26 3.96865e-23 1.03132e-20
3.63281 0 0 -1.57678e-83 -1.26676e-61 -1.31271e-49 -2.38188e-41 -3.51229e-35 -2.23382e-30 -1.48568e-26 -1.75285e-23 -5.15836e-21
3.67188 0 0 2.81573e-85 9.90067e-63 1.82136e-50 4.75168e-42 9.13716e-36 7.15885e-31 5.64953e-27 7.70128e-24 2.56725e-21
3.71094 0 0 -4.62167e-87 -7.58412e-64 -2.49657e-51 -9.39406e-43 -2.35959e-36 -2.27976e-31 -2.13621e-27 -3.36609e-24 -1.27143e-21
3.75 0 0 6.92006e-89 5.69236e-65 3.38053e-52 1.8405e-43 6.04888e-37 7.21446e-32 8.03238e-28 1.46372e-24 6.26633e-22
3.78906 0 0 -9.36553e-91 -4.185e-66 -4.52163e-53 -3.57352e-44 -1.53935e-37 -2.26882e-32 -3.00352e-28 -6.33257e-25 -3.07369e-22
3.82812 0 0 1.13268e-92 3.01286e-67 5.97374e-54 6.87591e-45 3.88894e-38 7.09076e-33 1.11692e-28 2.72595e-25 1.50058e-22
3.86719 0 0 -1.20641e-94 -2.12323e-68 -7.79488e-55 -1.31109e-45 -9.75355e-39 -2.20239e-33 -4.13079e-29 -1.16759e-25 -7.29177e-23
3.90625 0 0 1.1098e-96 1.4642e-69 1.0045e-55 2.47745e-46 2.4285e-39 6.79857e-34 1.51944e-29 4.97642e-26 3.52703e-23
3.94531 0 0 -8.57971e-99 -9.87716e-71 -1.27833e-56 -4.63911e-47 -6.00295e-40 -2.0858e-34 -5.55888e-30 -2.11066e-26 -1.69827e-23
3.98438 0 0 5.34453e-101 6.51515e-72 1.60636e-57 8.60832e-48 1.47314e-40 6.3602e-35 2.02283e-30 8.90865e-27 8.1405e-24
4.02344 0 0 -2.48929e-103 -4.20052e-73 -1.99306e-58 -1.58288e-48 -3.58906e-41 -1.92762e-35 -7.32168e-31 -3.74208e-27 -3.88472e-24
4.0625 0 0 7.24516e-106 2.64597e-74 2.44138e-59 2.88414e-49 8.68115e-42 5.80672e-36 2.63606e-31 1.56437e-27 1.84567e-24
4.10156 0 0 -3.72758e-109 -1.62772e-75 -2.95221e-60 -5.20729e-50 -2.08466e-42 -1.73864e-36 -9.44075e-32 -6.50886e-28 -8.7307e-25
4.14062 0 0 -6.01552e-111 9.77419e-77 3.52382e-61 9.31588e-51 4.97e-43 5.17444e-37 3.36336e-32 2.69541e-28 4.11212e-25
4.17969 0 0 1.76975e-113 -5.72635e-78 -4.15137e-62 -1.65136e-51 -1.17636e-43 -1.53073e-37 -1.19198e-32 -1.11099e-28 -1.9285e-25
4.21875 0 0 1.01342e-122 3.2715e-79 4.82653e-63 2.90037e-52 2.76432e-44 4.50114e-38 4.20241e-33 4.55805e-29 9.00586e-26
4.25781 0 0 1.29699e-138 -1.82159e-80 -5.53728e-64 -5.04714e-53 -6.44908e-45 -1.31565e-38 -1.47392e-33 -1.8614e-29 -4.18793e-26
4.29688 0 0 3.7242e-161 9.87963e-82 6.26798e-65 8.70168e-54 1.49371e-45 3.82254e-39 5.14284e-34 7.56664e-30 1.93934e-26
4.33594 0 0 2.40746e-190 -5.21619e-83 -6.99965e-66 -1.48632e-54 -3.43474e-46 -1.10399e-39 -1.78523e-34 -3.06183e-30 -8.94347e-27
4.375 0 0 3.51425e-226 2.67924e-84 7.71062e-67 2.5151e-55 7.84107e-47 3.16946e-40 6.1653e-35 1.23334e-30 4.10739e-27
4.41406 0 0 1.16153e-268 -1.33789e-85 -8.37744e-68 -4.21615e-56 -1.77709e-47 -9.04505e-41 -2.11831e-35 -4.94562e-31 -1.87865e-27
4.45312 0 0 8.71394e-318 6.49041e-87 8.97605e-69 7.00128e-57 3.99842e-48 2.56594e-41 7.24114e-36 1.97425e-31 8.55771e-28
4.49219 0 0 0 -3.05656e-88 -9.48312e-70 -1.15165e-57 -8.93121e-49 -7.23589e-42 -2.4627e-36 -7.84574e-32 -3.88251e-28
4.53125 0 0 0 1.39622e-89 9.87752e-71 1.87641e-58 1.98047e-49 2.02838e-42 8.33313e-37 3.10403e-32 1.75437e-28
4.57031 0 0 0 -6.18107e-91 -1.01417e-71 -3.02814e-59 -4.35972e-50 -5.65225e-43 -2.80545e-37 -1.2226e-32 -7.89575e-29
4.60938 0 0 0 2.64951e-92 1.0263e-72 4.84e-60 9.52735e-51 1.56569e-43 9.39716e-38 4.79423e-33 3.53947e-29
4.64844 0 0 0 -1.09859e-93 -1.02347e-73 -7.66151e-61 -2.06682e-51 -4.31124e-44 -3.13182e-38 -1.87169e-33 -1.58039e-29
4.6875 0 0 0 4.4017e-95 1.00561e-74 1.20105e-61 4.45085e-52 1.18008e-44 1.03849e-38 7.27502e-34 7.02879e-30
4.72656 0 0 0 -1.7023e-96 -9.73369e-76 -1.86448e-62 -9.51448e-53 -3.21094e-45 -3.42628e-39 -2.81532e-34 -3.11383e-30
4.76562 0 0 0 6.34695e-98 9.27975e-77 2.86606e-63 2.01892e-53 8.68484e-46 1.12475e-39 1.08472e-34 1.37409e-30
4.80469 0 0 0 -2.27847e-99 -8.71221e-78 -4.36231e-64 -4.25244e-54 -2.33507e-46 -3.67369e-40 -4.16114e-35 -6.04012e-31
4.84375 0 0 0 7.86448e-101 8.05328e-79 6.57391e-65 8.89058e-55 6.24082e-47 1.1939e-40 1.58932e-35 2.64482e-31
4.88281 0 0 0 -2.60608e-102 -7.328e-80 -9.80801e-66 -1.84496e-55 -1.65801e-47 -3.86057e-41 -6.044e-36 -1.15365e-31
4.92188 0 0 0 8.27732e-104 6.56264e-81 1.44864e-66 3.8001e-56 4.37856e-48 1.2421e-41 2.2885e-36 5.0128e-32
4.96094 0 0 0 -2.51536e-105 -5.78312e-82 -2.11804e-67 -7.76867e-57 -1.1494e-48 -3.9763e-42 -8.62771e-37 -2.16983e-32
5 0 0 0 7.29919e-107 5.01352e-83 3.06528e-68 1.57626e-57 2.99918e-49 1.26655e-42 3.23863e-37 9.35645e-33
5.03906 0 0 0 -2.01829e-108 -4.27488e-84 -4.39075e-69 -3.17415e-58 -7.77896e-50 -4.0141e-43 -1.21046e-37 -4.01925e-33
5.07812 0 0 0 5.30521e-110 3.5843e-85 6.22458e-70 6.34357e-59 2.00551e-50 1.26583e-43 4.50473e-38 1.72e-33
5.11719 0 0 0 -1.32219e-111 -2.95449e-86 -8.73273e-71 -1.25815e-59 -5.1393e-51 -3.97172e-44 -1.66922e-38 -7.3328e-34
5.15625 0 0 0 3.11524e-113 2.39358e-87 1.21234e-71 2.47633e-60 1.30905e-51 1.23995e-44 6.15873e-39 3.11437e-34
5.19531 0 0 0 -6.91626e-115 -1.90541e-88 -1.66534e-72 -4.83673e-61 -3.31419e-52 -3.85163e-45 -2.26255e-39 -1.31775e-34
5.23438 0 0 0 1.44153e-116 1.49002e-89 2.26332e-73 9.37443e-62 8.33986e-53 1.19042e-45 8.27639e-40 5.55473e-35
5.27344 0 0 0 -2.8087e-118 -1.14429e-90 -3.04311e-74 -1.80291e-62 -2.08591e-53 -3.66078e-46 -3.01451e-40 -2.33272e-35
5.3125 0 0 0 5.091e-120 8.62767e-92 4.04746e-75 3.44051e-63 5.18536e-54 1.1201e-46 1.09327e-40 9.75966e-36
5.35156 0 0 0 -8.53569e-122 -6.38467e-93 -5.32479e-76 -6.51442e-64 -1.28116e-54 -3.40997e-47 -3.94799e-41 -4.06801e-36
5.39062 0 0 0 1.31487e-123 4.63591e-94 6.92845e-77 1.22382e-64 3.14604e-55 1.03289e-47 1.41958e-41 1.6893e-36
5.42969 0 0 0 -1.8459e-125 -3.30175e-95 -8.91546e-78 -2.28103e-65 -7.67804e-56 -3.11285e-48 -5.08251e-42 -6.98893e-37
5.46875 0 0 0 2.33806e-127 2.30578e-96 1.13445e-78 4.21791e-66 1.86232e-56 9.33393e-49 1.8119e-42 2.88068e-37
5.50781 0 0 0 -2.63812e-129 -1.57836e-97 -1.4273e-79 -7.73749e-67 -4.48922e-57 -2.78464e-49 -6.43168e-43 -1.18294e-37
5.54688 0 0 0 2.60745e-131 1.05865e-98 1.77538e-80 1.40806e-67 1.07544e-57 8.2655e-50 2.27326e-43 4.83968e-38
5.58594 0 0 0 -2.20486e-133 -6.95489e-100 -2.18308e-81 -2.5418e-68 -2.56034e-58 -2.44095e-50 -8.00036e-44 -1.97267e-38
5.625 0 0 0 1.53865e-135 4.47353e-101 2.65341e-82 4.55136e-69 6.0575e-59 7.17193e-51 2.80351e-44 8.01087e-39
5.66406 0 0 0 -8.31223e-138 -2.81612e-102 -3.18746e-83 -8.08353e-70 -1.42417e-59 -2.0965e-51 -9.78196e-45 -3.24109e-39
5.70312 0 0 0 2.9851e-140 1.73424e-103 3.78394e-84 1.42397e-70 3.32734e-60 6.09722e-52 3.39845e-45 1.30645e-39
5.74219 0 0 0 -2.8811e-143 -1.04431e-104 -4.43867e-85 -2.48784e-71 -7.72481e-61 -1.76418e-52 -1.17561e-45 -5.24662e-40
5.78125 0 0 0 -3.8199e-145 6.14614e-106 5.14422e-86 4.31063e-72 1.78206e-61 5.07833e-53 4.04923e-46 2.09921e-40
5.82031 0 0 0 2.27851e-147 -3.53362e-107 -5.88966e-87 -7.40689e-73 -4.08501e-62 -1.45433e-53 -1.38869e-46 -8.36799e-41
5.85938 0 0 0 -4.62859e-150 1.98361e-108 6.66059e-88 1.26208e-73 9.30437e-63 4.14344e-54 4.74202e-47 3.32334e-41
5.89844 0 0 0 -3.78e-159 -1.08662e-109 -7.43926e-89 -2.13239e-74 -2.10568e-63 -1.17439e-54 -1.61228e-47 -1.31497e-41
5.9375 0 0 0 -6.87906e-175 5.80546e-111 8.20513e-90 3.57238e-75 4.73479e-64 3.31139e-55 5.45799e-48 5.18377e-42
5.97656 0 0 0 -2.80067e-197 -3.02325e-112 -8.93553e-91 -5.9338e-76 -1.05779e-64 -9.28856e-56 -1.83968e-48 -2.03592e-42
6.01562 0 0 0 -2.55971e-226 1.53362e-113 9.60671e-92 9.77168e-77 2.34787e-65 2.59191e-56 6.17393e-49 7.96643e-43
6.05469 0 0 0 -5.26809e-262 -7.57316e-115 -1.0195e-92 -1.5953e-77 -5.17744e-66 -7.19484e-57 -2.06296e-49 -3.10564e-43
6.09375 0 0 0 -2.4482e-304 3.63792e-116 1.06781e-93 2.58181e-78 1.13425e-66 1.98675e-57 6.86315e-50 1.20621e-43
6.13281 0 0 0 0 -1.69873e-117 -1.10364e-94 -4.14182e-79 -2.46856e-67 -5.4573e-58 -2.27331e-50 -4.66741e-44
6.17188 0 0 0 0 7.70457e-119 1.12544e-95 6.58593e-80 5.3371e-68 1.49115e-58 7.49709e-51 1.79933e-44
6.21094 0 0 0 0 -3.39132e-120 -1.13216e-96 -1.03794e-80 -1.14625e-68 -4.05289e-59 -2.46162e-51 -6.91076e-45
6.25 0 0 0 0 1.44745e-121 1.12336e-97 1.62119e-81 2.44544e-69 1.09572e-59 8.04711e-52 2.64435e-45
6.28906 0 0 0 0 -5.98472e-123 -1.09919e-98 -2.50941e-82 -5.18225e-70 -2.94662e-60 -2.61906e-52 -1.00806e-45
6.32812 0 0 0 0 2.39474e-124 1.06048e-99 3.84905e-83 1.09082e-70 7.88176e-61 8.48659e-53 3.82852e-46
6.36719 0 0 0 0 -9.26374e-126 -1.00862e-100 -5.84997e-84 -2.28057e-71 -2.09697e-61 -2.73778e-53 -1.44859e-46
6.40625 0 0 0 0 3.46043e-127 9.45514e-102 8.80928e-85 4.73564e-72 5.54911e-62 8.79302e-54 5.46048e-47
6.44531 0 0 0 0 -1.24669e-128 -8.73458e-103 -1.31427e-85 -9.76654e-73 -1.46052e-62 -2.81155e-54 -2.05061e-47
6.48438 0 0 0 0 4.32617e-130 7.94995e-104 1.94246e-86 2.00039e-73 3.82329e-63 8.94988e-55 7.67185e-48
6.52344 0 0 0 0 -1.44392e-131 -7.1277e-105 -2.8439e-87 -4.06899e-74 -9.9541e-64 -2.83627e-55 -2.85943e-48
6.5625 0 0 0 0 4.62823e-133 6.2937e-106 4.12417e-88 8.21936e-75 2.57748e-64 8.94814e-56 1.06174e-48
6.60156 0 0 0 0 -1.4223e-134 -5.47195e-107 -5.92359e-89 -1.64875e-75 -6.63751e-65 -2.81039e-56 -3.92748e-49
6.64062 0 0 0 0 4.18292e-136 4.68341e-108 8.42611e-90 3.2841e-76 1.69991e-65 8.78705e-57 1.44732e-49
6.67969 0 0 0 0 -1.17495e-137 -3.94518e-109 -1.18694e-90 -6.49548e-77 -4.32956e-66 -2.735e-57 -5.31329e-50
6.71875 0 0 0 0 3.14526e-139 3.27006e-110 1.65558e-91 1.27561e-77 1.09661e-66 8.47431e-58 1.94317e-50
6.75781 0 0 0 0 -8.00464e-141 -2.66638e-111 -2.28643e-92 -2.48726e-78 -2.76212e-67 -2.61383e-58 -7.07947e-51
6.79688 0 0 0 0 1.93155e-142 2.13825e-112 3.1262e-93 4.81508e-79 6.91834e-68 8.02548e-59 2.5694e-51
6.83594 0 0 0 0 -4.40599e-144 -1.68598e-113 -4.23141e-94 -9.25431e-80 -1.72314e-68 -2.45289e-59 -9.28967e-52
6.875 0 0 0 0 9.46852e-146 1.30674e-114 5.66926e-95 1.76574e-80 4.26766e-69 7.46269e-60 3.34581e-52
6.91406 0 0 0 0 -1.90962e-147 -9.95276e-116 -7.51797e-96 -3.3445e-81 -1.05099e-69 -2.26003e-60 -1.20042e-52
6.95312 0 0 0 0 3.59848e-149 7.44725e-117 9.86658e-97 6.28839e-82 2.57356e-70 6.81283e-61 4.29031e-53
6.99219 0 0 0 0 -6.30328e-151 -5.47287e-118 -1.2814e-97 -1.17363e-82 -6.26597e-71 -2.04423e-61 -1.52745e-53
7.03125 0 0 0 0 1.02014e-152 3.94883e-119 1.64668e-98 2.17413e-83 1.51687e-71 6.10542e-62 5.41704e-54
7.07031 0 0 0 0 -1.51441e-154 -2.79652e-120 -2.09364e-99 -3.99746e-84 -3.65093e-72 -1.815e-62 -1.91368e-54
7.10938 0 0 0 0 2.04385e-156 1.9432e-121 2.63339e-100 7.29468e-85 8.7366e-73 5.37038e-63 6.73423e-55
7.14844 0 0 0 0 -2.4796e-158 -1.3244e-122 -3.27646e-101 -1.32108e-85 -2.07851e-73 -1.5816e-63 -2.36053e-55
7.1875 0 0 0 0 2.66439e-160 8.85052e-124 4.03204e-102 2.37429e-86 4.91613e-74 4.63596e-64 8.24197e-56
7.22656 0 0 0 0 -2.48371e-162 -5.797e-125 -4.90713e-103 -4.23444e-87 -1.15596e-74 -1.35248e-64 -2.86648e-56
7.26562 0 0 0 0 1.94606e-164 3.7201e-126 5.90561e-104 7.49369e-88 2.70207e-75 3.92701e-65 9.93015e-57
7.30469 0 0 0 0 -1.21174e-166 -2.33802e-127 -7.02728e-105 -1.31586e-88 -6.27875e-76 -1.13481e-65 -3.42649e-57
7.34375 0 0 0 0 5.25325e-169 1.43848e-128 8.26694e-106 2.29253e-89 1.45031e-76 3.26371e-66 1.17767e-57
7.38281 0 0 0 0 -7.93718e-172 -8.66018e-130 -9.61358e-107 -3.96267e-90 -3.33002e-77 -9.34144e-67 -4.03157e-58
7.42188 0 0 0 0 -8.93194e-174 5.09944e-131 1.10498e-107 6.79526e-91 7.60006e-78 2.66088e-67 1.37466e-58
7.46094 0 0 0 0 8.35213e-176 -2.93549e-132 -1.25517e-108 -1.15596e-91 -1.72409e-78 -7.54286e-68 -4.66854e-59
7.5 0 0 0 0 -3.37861e-178 1.65115e-133 1.40886e-109 1.95064e-92 3.88739e-79 2.12784e-68 1.57917e-59
7.53906 0 0 0 0 5.88457e-181 -9.07007e-135 -1.56242e-110 -3.265e-93 -8.71168e-80 -5.97344e-69 -5.32022e-60
7.57812 0 0 0 0 6.24172e-190 4.86313e-136 1.71173e-111 5.42042e-94 1.94033e-80 1.66873e-69 1.78517e-60
7.61719 0 0 0 0 1.47298e-205 -2.54362e-137 -1.85232e-112 -8.9249e-95 -4.29503e-81 -4.63888e-70 -5.96589e-61
7.65625 0 0 0 0 7.76434e-228 1.29704e-138 1.97961e-113 1.45736e-95 9.44841e-82 1.28321e-70 1.98567e-61
7.69531 0 0 0 0 9.17349e-257 -6.44391e-140 -2.08914e-114 -2.35992e-96 -2.06556e-82 -3.5321e-71 -6.58223e-62
7.73438 0 0 0 0 2.43687e-292 3.11705e-141 2.17677e-115 3.78936e-97 4.48736e-83 9.67399e-72 2.17302e-62
7.77344 0 0 0 0 0 -1.467e-142 -2.23897e-116 -6.03319e-98 -9.68727e-84 -2.63639e-72 -7.14458e-63
7.8125 0 0 0 0 0 6.71254e-144 2.27304e-117 9.52384e-99 2.07804e-84 7.14883e-73 2.33939e-63
7.85156 0 0 0 0 0 -2.98378e-145 -2.27731e-118 -1.4905e-99 -4.42929e-85 -1.92873e-73 -7.62847e-64
7.89062 0 0 0 0 0 1.28738e-146 2.25122e-119 2.31247e-100 9.38049e-86 5.1774e-74 2.47727e-64
7.92969 0 0 0 0 0 -5.38665e-148 -2.19546e-120 -3.55645e-101 -1.97384e-86 -1.38275e-74 -8.01136e-65
7.96875 0 0 0 0 0 2.18371e-149 2.11187e-121 5.42155e-102 4.12648e-87 3.67416e-75 2.58005e-65
8.00781 0 0 0 0 0 -8.56826e-151 -2.00339e-122 -8.19152e-103 -8.57057e-88 -9.71283e-76 -8.27432e-66
8.04688 0 0 0 0 0 3.25047e-152 1.87388e-123 1.22662e-103 1.76842e-88 2.55444e-76 2.64249e-66
8.08594 0 0 0 0 0 -1.19084e-153 -1.72788e-124 -1.82022e-104 -3.62487e-89 -6.68343e-77 -8.40355e-67
8.125 0 0 0 0 0 4.20798e-155 1.57036e-125 2.67657e-105 7.38095e-90 1.73958e-77 2.66119e-67
8.16406 0 0 0 0 0 -1.43228e-156 -1.4064e-126 -3.89975e-106 -1.49289e-90 -4.50424e-78 -8.39158e-68
8.20312 0 0 0 0 0 4.68911e-158 1.24096e-127 5.62948e-107 2.9993e-91 1.16017e-78 2.63488e-68
8.24219 0 0 0 0 0 -1.47429e-159 -1.07857e-128 -8.05075e-108 -5.98511e-92 -2.97255e-79 -8.23795e-69
8.28125 0 0 0 0 0 4.44389e-161 9.23189e-130 1.14053e-108 1.18622e-92 7.57594e-80 2.56456e-69
8.32031 0 0 0 0 0 -1.28183e-162 -7.78012e-131 -1.60045e-109 -2.33499e-93 -1.92058e-80 -7.94938e-70
8.35938 0 0 0 0 0 3.531e-164 6.45409e-132 2.22438e-110 4.56466e-94 4.84291e-81 2.45343e-70
8.39844 0 0 0 0 0 -9.26815e-166 -5.26905e-133 -3.06173e-111 -8.86172e-95 -1.21464e-81 -7.53922e-71
8.4375 0 0 0 0 0 2.31226e-167 4.23227e-134 4.1733e-112 1.70842e-95 3.02998e-82 2.30666e-71
8.47656 0 0 0 0 0 -5.46796e-169 -3.34384e-135 -5.6326e-113 -3.27053e-96 -7.51755e-83 -7.02651e-72
8.51562 0 0 0 0 0 1.22182e-170 2.59798e-136 7.52687e-114 6.21683e-97 1.855e-83 2.13101e-72
8.55469 0 0 0 0 0 -2.57071e-172 -1.98439e-137 -9.95764e-115 -1.17335e-97 -4.5523e-84 -6.43444e-73
8.59375 0 0 0 0 0 5.07236e-174 1.48969e-138 1.30405e-115 2.19874e-98 1.11103e-84 1.93424e-73
8.63281 0 0 0 0 0 -9.34227e-176 -1.0988e-139 -1.69038e-116 -4.0906e-99 -2.69658e-85 -5.78865e-74
8.67188 0 0 0 0 0 1.59735e-177 7.96091e-141 2.16863e-117 7.55519e-100 6.50854e-86 1.72465e-74
8.71094 0 0 0 0 0 -2.51889e-179 -5.66361e-142 -2.7533e-118 -1.38525e-100 -1.56216e-86 -5.11535e-75
8.75 0 0 0 0 0 3.63413e-181 3.95521e-143 3.45895e-119 2.52124e-101 3.7284e-87 1.51039e-75
8.78906 0 0 0 0 0 -4.74885e-183 -2.71049e-144 -4.29945e-120 -4.55492e-102 -8.84838e-88 -4.43953e-76
8.82812 0 0 0 0 0 5.54641e-185 1.82212e-145 5.28703e-121 8.16781e-103 2.08803e-88 1.299e-76
8.86719 0 0 0 0 0 -5.68378e-187 -1.20115e-146 -6.43122e-122 -1.45367e-103 -4.89924e-89 -3.78352e-77
8.90625 0 0 0 0 0 4.96823e-189 7.76154e-148 7.73768e-123 2.56768e-104 1.14294e-89 1.09696e-77
8.94531 0 0 0 0 0 -3.52369e-191 -4.91428e-149 -9.2069e-124 -4.50095e-105 -2.65101e-90 -3.1658e-78
8.98438 0 0 0 0 0 1.80492e-193 3.04758e-150 1.08331e-124 7.8295e-106 6.1133e-91 9.09423e-79
9.02344 0 0 0 0 0 -3.85664e-196 -1.85034e-151 -1.26029e-125 -1.35147e-106 -1.40153e-91 -2.60033e-79
9.0625 0 0 0 0 0 -3.68866e-198 1.0994e-152 1.44951e-126 2.3147e-107 3.19434e-92 7.40052e-80
9.10156 0 0 0 0 0 4.91363e-200 -6.38948e-154 -1.64797e-127 -3.93348e-108 -7.2376e-93 -2.09632e-80
9.14062 0 0 0 0 0 -2.99923e-202 3.63057e-155 1.85182e-128 6.63173e-109 1.63015e-93 5.91027e-81
9.17969 0 0 0 0 0 1.03992e-204 -2.01587e-156 -2.05641e-129 -1.10922e-109 -3.6498e-94 -1.65844e-81
9.21875 0 0 0 0 0 -1.66317e-207 1.0932e-157 2.25647e-130 1.84046e-110 8.12271e-95 4.63153e-82
9.25781 0 0 0 0 0 -2.16998e-216 -5.78693e-159 -2.44622e-131 -3.02918e-111 -1.79684e-95 -1.28729e-82
9.29688 0 0 0 0 0 -6.29281e-232 2.9885e-160 2.61968e-132 4.94521e-112 3.95075e-96 3.56074e-83
9.33594 0 0 0 0 0 -4.0721e-254 -1.5047e-161 -2.77093e-133 -8.0072e-113 -8.63368e-97 -9.80187e-84
9.375 0 0 0 0 0 -5.90054e-283 7.38175e-163 2.89443e-134 1.28583e-113 1.87518e-97 2.68518e-84
9.41406 0 0 0 0 0 -1.92049e-318 -3.52605e-164 -2.98536e-135 -2.04771e-114 -4.04767e-98 -7.32019e-85
9.45312 0 0 0 0 0 0 1.6388e-165 3.03989e-136 3.23372e-115 8.68293e-99 1.98585e-85
9.49219 0 0 0 0 0 0 -7.40535e-167 -3.05548e-137 -5.06358e-116 -1.85102e-99 -5.36085e-86
9.53125 0 0 0 0 0 0 3.25087e-168 3.03103e-138 7.86152e-117 3.92122e-100 1.44004e-86
9.57031 0 0 0 0 0 0 -1.38523e-169 -2.96701e-139 -1.21009e-117 -8.25433e-101 -3.84911e-87
9.60938 0 0 0 0 0 0 5.72425e-171 2.86543e-140 1.84654e-118 1.72654e-101 1.02371e-87
9.64844 0 0 0 0 0 0 -2.2918e-172 -2.72979e-141 -2.7932e-119 -3.58828e-102 -2.70906e-88
9.6875 0 0 0 0 0 0 8.88077e-174 2.56481e-142 4.18806e-120 7.40961e-103 7.13295e-89
9.72656 0 0 0 0 0 0 -3.32712e-175 -2.37625e-143 -6.22387e-121 -1.52015e-103 -1.86862e-89
9.76562 0 0 0 0 0 0 1.2037e-176 2.17047e-144 9.16668e-122 3.09843e-104 4.87037e-90
9.80469 0 0 0 0 0 0 -4.2001e-178 -1.95414e-145 -1.33793e-122 -6.27399e-105 -1.26293e-90
9.84375 0 0 0 0 0 0 1.41156e-179 1.73386e-146 1.93505e-123 1.26205e-105 3.25826e-91
9.88281 0 0 0 0 0 0 -4.56247e-181 -1.51577e-147 -2.77289e-124 -2.52128e-106 -8.35632e-92
9.92188 0 0 0 0 0 0 1.41606e-182 1.30603e-148 3.94556e-125 5.03189e-107 2.15638e-92
9.96094 0 0 0 0 0 0 -4.09936e-184 -1.02909e-149 -4.95834e-126 -8.58218e-108 -4.61781e-93
