2.26594e-21
4.78836e-13
9.53635e-09
4.36719e-06
0.000221271
0.00253209
0.00972151
0.0160227
0.0133812
0.00637087
0.00188701
0.000371747
5.1335e-05
5.18285e-06
3.95966e-07
2.35547e-08
1.11749e-09
4.3153e-11
1.38031e-12
3.713e-14
8.51131e-16
1.68206e-17
2.89553e-19
4.38152e-21
5.87609e-23
7.03574e-25
7.57131e-27
7.36687e-29
6.5166e-31
5.26687e-33
3.90718e-35
2.67163e-37
1.69032e-39
9.93103e-42
5.43608e-44
2.78083e-46
1.33322e-48
6.00643e-51
2.54918e-53
1.02154e-55
3.87377e-58
1.39288e-60
4.75808e-63
1.54693e-65
4.79476e-68
1.41913e-70
4.01691e-73
1.08894e-75
2.83104e-78
7.06773e-81
1.69644e-83
3.91949e-86
8.72633e-89
1.87416e-91
3.88676e-94
7.79107e-97
1.51088e-99
2.83707e-102
5.16275e-105
9.11193e-108
1.56097e-110
2.59748e-113
4.20137e-116
6.61009e-119
1.01224e-121
1.50971e-124
2.19433e-127
3.10996e-130
4.30032e-133
5.80459e-136
7.65234e-139
9.85793e-142
1.24153e-144
1.52936e-147
1.84349e-150
2.17541e-153
2.51415e-156
2.84689e-159
3.15974e-162
3.43872e-165
3.67087e-168
3.84525e-171
3.9538e-174
3.99195e-177
3.95894e-180
3.85774e-183
3.69473e-186
3.47901e-189
3.22167e-192
2.93481e-195
2.6307e-198
2.32099e-201
2.01603e-204
1.72446e-207
1.45294e-210
1.20611e-213
9.86666e-217
7.95603e-220
6.32502e-223
4.95862e-226
3.83428e-229
2.92497e-232
2.20171e-235
1.63563e-238
1.19943e-241
8.68396e-245
6.20851e-248
4.38392e-251
3.05786e-254
2.1073e-257
1.43503e-260
9.65812e-264
6.42522e-267
4.22587e-270
2.74815e-273
1.76737e-276
1.12419e-279
7.07351e-283
4.4033e-286
2.71223e-289
1.65324e-292
9.97394e-296
5.95623e-299
3.52131e-302
2.06119e-305
1.19472e-308
6.85805e-312
3.89914e-315
2.19594e-318
1.22528e-321
0
0
0
0
0
0
0
0
0
0
0
0
0
0
0
0
0
0
0
0
0
0
0
0
0
0
0
0
0
0
0
0
0
0
0
0
0
0
0
0
0
0
0
0
0
0
0
0
0
0
0
0
0
0
0
0
0
0
0
0
0
0
0
0
0
0
0
0
0
0
0
0
0
0
0
0
0
0
0
0
0
0
0
0
0
0
0
0
0
0
0
0
0
0
0
0
0
0
0
0
0
0
0
0
0
0
0
0
0
0
0
0
0
0
0
0
0
0
0
0
0
0
0
0
0
0
