0 0 4.39569e-24 1.62972e-17 2.62649e-14 2.74104e-12 7.03542e-11 7.75125e-10 4.87803e-09 2.06976e-08 6.57353e-08 1.67595e-07
0.0390625 0 3.7141e-22 4.71405e-16 4.43931e-13 3.20937e-11 6.22326e-10 5.46599e-09 2.8465e-08 1.02767e-07 2.8386e-07 6.40742e-07
0.078125 0 2.28016e-20 1.01682e-14 5.62636e-12 2.82304e-10 4.13637e-09 2.89322e-08 1.24408e-07 3.80923e-07 9.1112e-07 1.8111e-06
0.117188 0 1.05902e-18 1.70184e-13 5.57143e-11 1.94844e-09 2.16488e-08 1.2099e-07 4.30953e-07 1.12254e-06 2.33173e-06 4.0922e-06
0.15625 0 3.82274e-17 2.26799e-12 4.4239e-10 1.08324e-08 9.1625e-08 4.10694e-07 1.2163e-06 2.70526e-06 4.89787e-06 7.61613e-06
0.195312 0 1.09282e-15 2.44996e-11 2.86787e-09 4.94066e-08 3.19512e-07 1.15344e-06 2.85204e-06 5.43873e-06 8.61701e-06 1.19182e-05
0.234375 0 2.50733e-14 2.17218e-10 1.5373e-08 1.87316e-07 9.30605e-07 2.71831e-06 5.63758e-06 9.25893e-06 1.28934e-05 1.59274e-05
0.273438 0 4.66051e-13 1.59447e-09 6.8756e-08 5.95974e-07 2.28679e-06 5.43313e-06 9.49939e-06 1.35032e-05 1.66049e-05 1.84018e-05
0.3125 0 7.06198e-12 9.74552e-09 2.58168e-07 1.60216e-06 4.77675e-06 9.2854e-06 1.37648e-05 1.70269e-05 1.85841e-05 1.85637e-05
0.351562 0 8.75533e-11 4.97613e-08 8.1703e-07 3.65657e-06 8.52929e-06 1.36556e-05 1.72725e-05 1.8704e-05 1.82193e-05 1.64866e-05
0.390625 0 8.89242e-10 2.12509e-07 2.18371e-06 7.10656e-06 1.3072e-05 1.73679e-05 1.88773e-05 1.80118e-05 1.5751e-05 1.29804e-05
0.429688 8.31248e-272 7.39102e-09 7.58377e-07 4.93069e-06 1.17811e-05 1.72458e-05 1.91788e-05 1.80546e-05 1.5287e-05 1.20773e-05 9.11475e-06
0.46875 1.30335e-215 5.00942e-08 2.255e-06 9.39349e-06 1.66668e-05 1.96245e-05 1.84468e-05 1.51724e-05 1.14882e-05 8.25475e-06 5.7386e-06
0.507812 4.82597e-166 2.75102e-07 5.55821e-06 1.50567e-05 2.01103e-05 1.92862e-05 1.54946e-05 1.1243e-05 7.67612e-06 5.05218e-06 3.25484e-06
0.546875 4.21988e-123 1.21209e-06 1.12705e-05 2.02177e-05 2.06669e-05 1.63821e-05 1.13919e-05 7.37007e-06 4.57767e-06 2.78025e-06 1.67027e-06
0.585938 8.71379e-87 4.22293e-06 1.86025e-05 2.26098e-05 1.80526e-05 1.20338e-05 7.3465e-06 4.28688e-06 2.44515e-06 1.38097e-06 7.78578e-07
0.625 4.24919e-57 1.13924e-05 2.46412e-05 2.09066e-05 1.33717e-05 7.64842e-06 4.1645e-06 2.21915e-06 1.17383e-06 6.21378e-07 3.30891e-07
0.664062 4.89325e-34 2.30756e-05 2.5713e-05 1.58524e-05 8.37962e-06 4.20954e-06 2.07993e-06 1.02547e-06 5.08156e-07 2.54157e-07 1.28662e-07
0.703125 1.3307e-17 3.34862e-05 2.06445e-05 9.77268e-06 4.43586e-06 2.00908e-06 9.17659e-07 4.24336e-07 1.99032e-07 9.48158e-08 4.59242e-08
0.742188 8.54588e-08 3.22791e-05 1.24008e-05 4.86311e-06 1.98332e-06 8.33379e-07 3.58752e-07 1.57756e-07 7.07664e-08 3.23674e-08 1.50951e-08
0.78125 0.000129606 1.81281e-05 5.42283e-06 1.94724e-06 7.50553e-07 3.01449e-07 1.24718e-07 5.28766e-08 2.29173e-08 1.01431e-08 4.58311e-09
0.820312 4.64178e-08 4.76035e-06 1.70987e-06 6.29838e-07 2.41548e-07 9.55061e-08 3.87099e-08 1.60372e-08 6.7825e-09 2.92703e-09 1.2891e-09
0.859375 3.92588e-18 7.56209e-07 4.01699e-07 1.66526e-07 6.65887e-08 2.6646e-08 1.07742e-08 4.41797e-09 1.84063e-09 7.80199e-10 3.36853e-10
0.898438 7.84117e-35 8.36771e-08 7.33077e-08 3.65789e-08 1.58651e-08 6.58646e-09 2.70175e-09 1.10974e-09 4.59565e-10 1.92664e-10 8.19991e-11
0.9375 3.69843e-58 6.98811e-09 1.07795e-08 6.79078e-09 3.29858e-09 1.45172e-09 6.13325e-10 2.55161e-10 1.05916e-10 4.42053e-11 1.86436e-11
0.976562 4.11951e-88 4.63174e-10 1.31515e-09 1.08278e-09 6.04284e-10 2.87176e-10 1.26653e-10 5.391e-11 2.26056e-11 9.45043e-12 3.96916e-12
1.01562 1.08359e-124 2.52076e-11 1.36241e-10 1.50421e-10 9.84407e-11 5.13102e-11 2.39043e-11 1.05056e-11 4.48201e-12 1.88761e-12 7.93174e-13
1.05469 6.73098e-168 1.15419e-12 1.22047e-11 1.84344e-11 1.43816e-11 8.33058e-12 4.14247e-12 1.8952e-12 8.28043e-13 3.5318e-13 1.49124e-13
1.09375 9.87377e-218 4.52727e-14 9.59403e-13 2.01442e-12 1.8988e-12 1.23601e-12 6.61995e-13 3.17605e-13 1.42962e-13 6.20574e-14 2.64363e-14
1.13281 3.42042e-274 1.54257e-15 6.69739e-14 1.98092e-13 2.28134e-13 1.68473e-13 9.79597e-14 4.96092e-14 2.31307e-14 1.02647e-14 4.42843e-15
1.17188 0 4.61568e-17 4.19289e-15 1.76694e-14 2.50973e-14 2.11979e-14 1.34744e-14 7.2452e-15 3.51648e-15 1.60197e-15 7.02386e-16
1.21094 0 1.22349e-18 2.37353e-16 1.43943e-15 2.54208e-15 2.47305e-15 1.72901e-15 9.92294e-16 5.03584e-16 2.36408e-16 1.05686e-16
1.25 0 2.89338e-20 1.2234e-17 1.07739e-16 2.38243e-16 2.68601e-16 2.07664e-16 1.27804e-16 6.80948e-17 3.30574e-17 1.51137e-17
1.28906 0 6.1398e-22 5.77581e-19 7.44783e-18 2.07512e-17 2.72598e-17 2.34177e-17 1.55204e-17 8.7139e-18 4.38866e-18 2.05778e-18
1.32812 0 1.17464e-23 2.51046e-20 4.77711e-19 1.68648e-18 2.59384e-18 2.48652e-18 1.78145e-18 1.05752e-18 5.54191e-19 2.6719e-19
1.36719 0 2.03397e-25 1.00907e-21 2.85461e-20 1.28348e-19 2.32119e-19 2.49261e-19 1.93713e-19 1.21959e-19 6.66834e-20 3.31377e-20
1.40625 0 3.19782e-27 3.76533e-23 1.59494e-21 9.17627e-21 1.95908e-20 2.36485e-20 1.99981e-20 1.33906e-20 7.65834e-21 3.93149e-21
1.44531 0 4.57673e-29 1.30886e-24 8.35932e-23 6.18138e-22 1.56348e-21 2.12826e-21 1.96395e-21 1.40224e-21 8.40806e-22 4.4683e-22
1.48438 0 5.97503e-31 4.25117e-26 4.1218e-24 3.9337e-23 1.18268e-22 1.82071e-22 1.83825e-22 1.40284e-22 8.83795e-23 4.87154e-23
1.52344 0 7.12683e-33 1.29366e-27 1.91704e-25 2.37064e-24 8.49824e-24 1.48356e-23 1.64274e-23 1.34287e-23 8.90672e-24 5.10137e-24
1.5625 0 7.77549e-35 3.6972e-29 8.43025e-27 1.35595e-25 5.81241e-25 1.15348e-24 1.40392e-24 1.23183e-24 8.61741e-25 5.13729e-25
1.60156 0 7.76544e-37 9.94511e-31 3.51277e-28 7.37591e-27 3.79106e-26 8.57221e-26 1.14919e-25 1.08433e-25 8.01458e-26 4.98096e-26
1.64062 0 7.10197e-39 2.52274e-32 1.38969e-29 3.82291e-28 2.36208e-27 6.09882e-27 9.02292e-27 9.17148e-27 7.17384e-27 4.65481e-27
1.67969 0 5.94804e-41 6.04533e-34 5.22905e-31 1.89116e-29 1.40818e-28 4.16019e-28 6.80453e-28 7.46322e-28 6.18708e-28 4.19718e-28
1.71875 0 4.56037e-43 1.3707e-35 1.87451e-32 8.94353e-31 8.04448e-30 2.72456e-29 4.93516e-29 5.84968e-29 5.14698e-29 3.65521e-29
1.75781 0 3.19846e-45 2.94481e-37 6.41167e-34 4.04927e-32 4.40982e-31 1.71538e-30 3.4465e-30 4.42119e-30 4.13427e-30 3.07737e-30
1.79688 0 2.0498e-47 6.00247e-39 2.09547e-35 1.75763e-33 2.32269e-32 1.03952e-31 2.32018e-31 3.22556e-31 3.20957e-31 2.50699e-31
1.83594 0 1.19851e-49 1.16216e-40 6.55211e-37 7.32338e-35 1.1769e-33 6.07032e-33 1.50729e-32 2.27386e-32 2.41046e-32 1.97791e-32
1.875 0 6.38056e-52 2.1396e-42 1.96242e-38 2.93256e-36 5.74322e-35 3.41952e-34 9.45892e-34 1.55032e-33 1.75284e-33 1.51251e-33
1.91406 0 3.08509e-54 3.74925e-44 5.63631e-40 1.12983e-37 2.70213e-36 1.86009e-35 5.73948e-35 1.02323e-34 1.23519e-34 1.12194e-34
1.95312 0 1.35055e-56 6.25861e-46 1.55396e-41 4.19242e-39 1.22695e-37 9.7799e-37 3.3704e-36 6.5431e-36 8.44165e-36 8.07877e-36
1.99219 0 5.33254e-59 9.96038e-48 4.11664e-43 1.49975e-40 5.38181e-39 4.97459e-38 1.91709e-37 4.05701e-37 5.59952e-37 5.65116e-37
2.03125 0 1.89024e-61 1.51232e-49 1.0488e-44 5.17692e-42 2.28242e-40 2.45005e-39 1.05707e-38 2.44104e-38 3.60761e-38 3.84277e-38
2.07031 0 5.98138e-64 2.1921e-51 2.5719e-46 1.72582e-43 9.36687e-42 1.16933e-40 5.65466e-40 1.42629e-39 2.25909e-39 2.54184e-39
2.10938 0 1.67795e-66 3.03507e-53 6.07522e-48 5.56086e-45 3.72279e-43 5.41223e-42 2.93674e-41 8.09857e-41 1.37589e-40 1.63653e-40
2.14844 0 4.13751e-69 4.01593e-55 1.38335e-49 1.73316e-46 1.43398e-44 2.43114e-43 1.48178e-42 4.47163e-42 8.15536e-42 1.0262e-41
2.1875 0 8.87248e-72 5.08049e-57 3.03854e-51 5.22873e-48 5.3571e-46 1.06057e-44 7.26864e-44 2.40246e-43 4.70733e-43 6.27079e-43
2.22656 0 1.63233e-74 6.14742e-59 6.44216e-53 1.52795e-49 1.9423e-47 4.49619e-46 3.46853e-45 1.25673e-44 2.64747e-44 3.73623e-44
2.26562 0 2.53144e-77 7.1169e-61 1.31914e-54 4.32765e-51 6.83885e-49 1.85354e-47 1.6111e-46 6.40437e-46 1.45162e-45 2.17169e-45
2.30469 0 3.2319e-80 7.88531e-63 2.6103e-56 1.18875e-52 2.33987e-50 7.43476e-49 7.28851e-48 3.18127e-47 7.76371e-47 1.23207e-46
2.34375 0 3.28644e-83 8.36322e-65 4.99404e-58 3.16863e-54 7.78386e-52 2.90327e-50 3.21314e-49 1.54115e-48 4.05234e-48 6.82592e-48
2.38281 0 2.53461e-86 8.49241e-67 9.24251e-60 8.20031e-56 2.51901e-53 1.10433e-51 1.3811e-50 7.28501e-50 2.06525e-49 3.69467e-49
2.42188 0 1.36985e-89 8.25743e-69 1.6554e-61 2.06153e-57 7.93455e-55 4.09375e-53 5.7909e-52 3.36178e-51 1.0282e-50 1.95469e-50
2.46094 0 4.47931e-93 7.68863e-71 2.87063e-63 5.03688e-59 2.43383e-56 1.4797e-54 2.36973e-53 1.51518e-52 5.00277e-52 1.01124e-51
2.5 0 6.18653e-97 6.85575e-73 4.82156e-65 1.19659e-60 7.27346e-58 5.21749e-56 9.46863e-55 6.67289e-54 2.37994e-53 5.11787e-53
2.53906 0 5.23237e-107 5.85403e-75 7.84686e-67 2.76526e-62 2.1187e-59 1.79548e-57 3.69575e-56 2.87278e-55 1.10745e-54 2.53489e-54
2.57812 0 1.04506e-123 4.78653e-77 1.23781e-68 6.21888e-64 6.0182e-61 6.03276e-59 1.40971e-57 1.20952e-56 5.04267e-56 1.22922e-55
2.61719 0 4.92923e-147 3.74715e-79 1.89324e-70 1.36159e-65 1.66767e-62 1.97994e-60 5.25712e-59 4.98212e-58 2.24772e-57 5.83803e-57
2.65625 0 5.49044e-177 2.80818e-81 2.80854e-72 2.90338e-67 4.50996e-64 6.34978e-62 1.91746e-60 2.00853e-59 9.81145e-59 2.7166e-58
2.69531 0 1.4442e-213 2.01419e-83 4.04207e-74 6.0317e-69 1.19075e-65 1.99069e-63 6.84274e-62 7.92799e-61 4.19555e-60 1.23897e-59
2.73438 0 8.97099e-257 1.38233e-85 5.64532e-76 1.22125e-70 3.07049e-67 6.10304e-65 2.3901e-63 3.06496e-62 1.75817e-61 5.54011e-61
2.77344 0 1.31597e-306 9.07443e-88 7.65314e-78 2.41067e-72 7.7355e-69 1.83037e-66 8.17404e-65 1.16095e-63 7.22263e-63 2.42962e-62
2.8125 0 0 5.69589e-90 1.00729e-79 4.64061e-74 1.90462e-70 5.37191e-68 2.73804e-66 4.30994e-65 2.9096e-64 1.04535e-63
2.85156 0 0 3.41703e-92 1.28743e-81 8.71456e-76 4.58462e-72 1.54333e-69 8.98594e-68 1.56869e-66 1.14976e-65 4.41383e-65
2.89062 0 0 1.95826e-94 1.59818e-83 1.59687e-77 1.07922e-73 4.34174e-71 2.89032e-69 5.59948e-68 4.45816e-67 1.8295e-66
2.92969 0 0 1.07147e-96 1.92726e-85 2.85606e-79 2.48516e-75 1.1964e-72 9.11422e-71 1.96079e-69 1.69668e-68 7.44622e-68
2.96875 0 0 5.59376e-99 2.25802e-87 4.98708e-81 5.59964e-77 3.23013e-74 2.81844e-72 6.73772e-71 6.33967e-70 2.97678e-69
3.00781 0 0 2.78446e-101 2.57072e-89 8.50381e-83 1.23494e-78 8.54713e-76 8.5494e-74 2.27255e-72 2.32634e-71 1.16917e-70
3.04688 0 0 1.32054e-103 2.84427e-91 1.41634e-84 2.66637e-80 2.21714e-77 2.5446e-75 7.52577e-74 8.38559e-73 4.51283e-72
3.08594 0 0 5.96154e-106 3.0586e-93 2.30467e-86 5.63766e-82 5.63963e-79 7.43319e-77 2.44759e-75 2.97004e-74 1.71224e-73
3.125 0 0 2.55944e-108 3.19707e-95 3.66456e-88 1.16757e-83 1.40703e-80 2.13163e-78 7.81963e-77 1.03387e-75 6.38753e-75
3.16406 0 0 1.04387e-110 3.24856e-97 5.69505e-90 2.36905e-85 3.44395e-82 6.00255e-80 2.45471e-78 3.53795e-77 2.34345e-76
3.20312 0 0 4.0398e-113 3.20899e-99 8.65199e-92 4.71052e-87 8.27205e-84 1.66017e-81 7.57326e-80 1.19047e-78 8.45737e-78
3.24219 0 0 1.48155e-115 3.08179e-101 1.28516e-93 9.18036e-89 1.95016e-85 4.51085e-83 2.29686e-81 3.93975e-80 3.00308e-79
3.28125 0 0 5.14149e-118 2.87748e-103 1.86677e-95 1.75403e-90 4.51358e-87 1.20435e-84 6.84941e-83 1.28261e-81 1.04941e-80
3.32031 0 0 1.68574e-120 2.61217e-105 2.6521e-97 3.28615e-92 1.0258e-88 3.16031e-86 2.00877e-84 4.10859e-83 3.60966e-82
3.35938 0 0 5.21254e-123 2.30556e-107 3.68571e-99 6.03799e-94 2.28969e-90 8.15228e-88 5.79508e-86 1.29524e-84 1.2224e-83
3.39844 0 0 1.5171e-125 1.97848e-109 5.01124e-101 1.08826e-95 5.0206e-92 2.06771e-89 1.64486e-87 4.01936e-86 4.0764e-85
3.4375 0 0 4.14698e-128 1.65065e-111 6.66687e-103 1.92435e-97 1.08163e-93 5.15757e-91 4.59432e-89 1.228e-87 1.33887e-86
3.47656 0 0 1.06203e-130 1.33885e-113 8.67975e-105 3.33905e-99 2.28996e-95 1.26541e-92 1.26306e-90 3.6945e-89 4.33196e-88
3.51562 0 0 2.54117e-133 1.0557e-115 1.10599e-106 5.68613e-101 4.76519e-97 3.05438e-94 3.41833e-92 1.09474e-90 1.38099e-89
3.55469 0 0 5.66332e-136 8.09189e-118 1.37946e-108 9.50465e-103 9.7479e-99 7.25444e-96 9.10908e-94 3.19555e-92 4.33849e-91
3.59375 0 0 1.17144e-138 6.02873e-120 1.68429e-110 1.55972e-104 1.96062e-100 1.69569e-97 2.39045e-95 9.19034e-94 1.34339e-92
3.63281 0 0 2.23991e-141 4.36541e-122 2.01338e-112 2.5131e-106 3.87791e-102 3.90145e-99 6.17879e-97 2.60463e-95 4.10065e-94
3.67188 0 0 3.9409e-144 3.07184e-124 2.35652e-114 3.97638e-108 7.54382e-104 8.83717e-101 1.57333e-98 7.27544e-97 1.23415e-95
3.71094 0 0 6.3458e-147 2.10035e-126 2.70078e-116 6.17929e-110 1.44358e-105 1.97095e-102 3.94727e-100 2.00329e-98 3.66279e-97
3.75 0 0 9.29348e-150 1.39521e-128 3.03121e-118 9.43232e-112 2.71777e-107 4.32895e-104 9.75901e-102 5.43835e-100 1.07215e-98
3.78906 0 0 1.2287e-152 9.00274e-131 3.33182e-120 1.41443e-113 5.0346e-109 9.3648e-106 2.378e-103 1.45578e-101 3.09577e-100
3.82812 0 0 1.4535e-155 5.64179e-133 3.58686e-122 2.0839e-115 9.17824e-111 1.99566e-107 5.71188e-105 3.84325e-103 8.81887e-102
3.86719 0 0 1.52182e-158 3.43307e-135 3.78214e-124 3.01688e-117 1.64685e-112 4.18996e-109 1.35261e-106 1.00077e-104 2.47886e-103
3.90625 0 0 1.39128e-161 2.02804e-137 3.90639e-126 4.29211e-119 2.90875e-114 8.66817e-111 3.1583e-108 2.57081e-106 6.8762e-105
3.94531 0 0 1.09161e-164 1.16278e-139 3.95228e-128 6.0015e-121 5.0579e-116 1.76725e-112 7.27244e-110 6.5157e-108 1.88262e-106
3.98438 0 0 7.18558e-168 6.46901e-142 3.91716e-130 8.2484e-123 8.65959e-118 3.55121e-114 1.65163e-111 1.62956e-109 5.08807e-108
4.02344 0 0 3.84642e-171 3.4912e-144 3.80329e-132 1.1144e-124 1.45996e-119 7.03431e-116 3.70005e-113 4.0221e-111 1.35762e-109
4.0625 0 0 1.60029e-174 1.82718e-146 3.61764e-134 1.48019e-126 2.42408e-121 1.37368e-117 8.1775e-115 9.79866e-113 3.5768e-111
4.10156 0 0 4.81804e-178 9.27078e-149 3.37115e-136 1.933e-128 3.96432e-123 2.64495e-119 1.78322e-116 2.35649e-114 9.30584e-113
4.14062 0 0 9.22417e-182 4.55861e-151 3.07767e-138 2.48213e-130 6.38629e-125 5.02195e-121 3.83721e-118 5.59505e-116 2.3912e-114
4.17969 0 0 8.24535e-186 2.17155e-153 2.75273e-140 3.1342e-132 1.01352e-126 9.4037e-123 8.14894e-120 1.3117e-117 6.06917e-116
4.21875 0 0 6.97366e-196 1.00174e-155 2.41214e-142 3.89202e-134 1.58477e-128 1.73678e-124 1.7081e-121 3.03673e-119 1.52176e-117
4.25781 0 0 1.39285e-212 4.47305e-158 2.0708e-144 4.75334e-136 2.44169e-130 3.16414e-126 3.53428e-123 6.94337e-121 3.76977e-119
4.29688 0 0 6.56963e-236 1.9325e-160 1.74167e-146 5.70989e-138 3.7072e-132 5.68693e-128 7.21959e-125 1.56811e-122 9.22755e-121
4.33594 0 0 7.31761e-266 8.07405e-163 1.43509e-148 6.74668e-140 5.54718e-134 1.00846e-129 1.45611e-126 3.49841e-124 2.23207e-122
4.375 0 0 1.92482e-302 3.26056e-165 1.15843e-150 7.84175e-142 8.18102e-136 1.76456e-131 2.89995e-128 7.71083e-126 5.33616e-124
4.41406 0 0 0 1.27198e-167 9.16055e-153 8.96646e-144 1.18929e-137 3.04688e-133 5.70356e-130 1.67924e-127 1.26093e-125
4.45312 0 0 0 4.79065e-170 7.09617e-155 1.00864e-145 1.70433e-139 5.19227e-135 1.10791e-131 3.61367e-129 2.9454e-127
4.49219 0 0 0 1.74084e-172 5.38466e-157 1.11631e-147 2.40788e-141 8.73336e-137 2.12574e-133 7.68519e-131 6.80187e-129
4.53125 0 0 0 6.09927e-175 4.00225e-159 1.21558e-149 3.35401e-143 1.44999e-138 4.02905e-135 1.61537e-132 1.55306e-130
4.57031 0 0 0 2.05887e-177 2.91366e-161 1.30243e-151 4.60658e-145 2.37657e-140 7.54436e-137 3.35616e-134 3.50644e-132
4.60938 0 0 0 6.69069e-180 2.07747e-163 1.37313e-153 6.23886e-147 3.84565e-142 1.39575e-138 6.89297e-136 7.82894e-134
4.64844 0 0 0 2.09139e-182 1.45066e-165 1.42454e-155 8.33252e-149 6.14414e-144 2.55153e-140 1.3996e-137 1.72878e-135
4.6875 0 0 0 6.28245e-185 9.91967e-168 1.4543e-157 1.09754e-150 9.693e-146 4.6093e-142 2.8098e-139 3.77585e-137
4.72656 0 0 0 1.81186e-187 6.64196e-170 1.46107e-159 1.42582e-152 1.51006e-147 8.22904e-144 5.57774e-141 8.1577e-139
4.76562 0 0 0 5.01144e-190 4.35436e-172 1.44454e-161 1.82699e-154 2.32331e-149 1.45204e-145 1.09493e-142 1.74356e-140
4.80469 0 0 0 1.32784e-192 2.79473e-174 1.40555e-163 2.30921e-156 3.53039e-151 2.53256e-147 2.12571e-144 3.68688e-142
4.84375 0 0 0 3.36622e-195 1.7559e-176 1.34594e-165 2.87918e-158 5.29878e-153 4.36641e-149 4.08168e-146 7.71386e-144
4.88281 0 0 0 8.15393e-198 1.07983e-178 1.26847e-167 3.54141e-160 7.8559e-155 7.44232e-151 7.75231e-148 1.59702e-145
4.92188 0 0 0 1.88446e-200 6.49917e-181 1.17656e-169 4.29744e-162 1.15057e-156 1.25413e-152 1.45651e-149 3.27196e-147
4.96094 0 0 0 4.14871e-203 3.8278e-183 1.07408e-171 5.14507e-164 1.66477e-158 2.08959e-154 2.70718e-151 6.63441e-149
5 0 0 0 8.68547e-206 2.20584e-185 9.65038e-174 6.07774e-166 2.37986e-160 3.44267e-156 4.97828e-153 1.33145e-150
5.03906 0 0 0 1.72585e-208 1.24357e-187 8.53386e-176 7.08406e-168 3.36146e-162 5.60883e-158 9.05795e-155 2.6449e-152
5.07812 0 0 0 3.24811e-211 6.85756e-190 7.42746e-178 8.14762e-170 4.69151e-164 9.03702e-160 1.6308e-156 5.20101e-154
5.11719 0 0 0 5.77665e-214 3.69833e-192 6.36251e-180 9.24712e-172 6.47039e-166 1.44006e-161 2.90551e-158 1.01249e-155
5.15625 0 0 0 9.68338e-217 1.95031e-194 5.36424e-182 1.03568e-173 8.81872e-168 2.26971e-163 5.12301e-160 1.95144e-157
5.19531 0 0 0 1.52562e-219 1.0055e-196 4.45121e-184 1.14475e-175 1.18786e-169 3.53851e-165 8.94005e-162 3.72396e-159
5.23438 0 0 0 2.25187e-222 5.06717e-199 3.63523e-186 1.24873e-177 1.58135e-171 5.45704e-167 1.54417e-163 7.03677e-161
5.27344 0 0 0 3.10282e-225 2.49553e-201 2.92191e-188 1.34438e-179 2.08076e-173 8.32546e-169 2.64009e-165 1.31671e-162
5.3125 0 0 0 3.97477e-228 1.20083e-203 2.31139e-190 1.4285e-181 2.70624e-175 1.25661e-170 4.46826e-167 2.43995e-164
5.35156 0 0 0 4.71176e-231 5.64447e-206 1.79948e-192 1.49817e-183 3.47923e-177 1.87654e-172 7.48655e-169 4.47794e-166
5.39062 0 0 0 5.14082e-234 2.59113e-208 1.37871e-194 1.55086e-185 4.42175e-179 2.77271e-174 1.24187e-170 8.13968e-168
5.42969 0 0 0 5.13022e-237 1.16137e-210 1.03955e-196 1.58463e-187 5.55545e-181 4.05383e-176 2.03961e-172 1.46554e-169
5.46875 0 0 0 4.64821e-240 5.08104e-213 7.71344e-199 1.59824e-189 6.90046e-183 5.86497e-178 3.31682e-174 2.61381e-171
5.50781 0 0 0 3.79008e-243 2.16928e-215 5.63209e-201 1.59118e-191 8.47403e-185 8.39707e-180 5.34103e-176 4.6181e-173
5.54688 0 0 0 2.75149e-246 9.03517e-218 4.04663e-203 1.56377e-193 1.0289e-186 1.1898e-181 8.51687e-178 8.08336e-175
5.58594 0 0 0 1.75499e-249 3.67012e-220 2.8609e-205 1.51708e-195 1.23522e-188 1.6685e-183 1.34497e-179 1.4018e-176
5.625 0 0 0 9.67042e-253 1.45347e-222 1.99012e-207 1.45291e-197 1.4663e-190 2.31582e-185 2.10351e-181 2.40862e-178
5.66406 0 0 0 4.50276e-256 5.61008e-225 1.36209e-209 1.37361e-199 1.72118e-192 3.18151e-187 3.25838e-183 4.10076e-180
5.70312 0 0 0 1.71897e-259 2.10967e-227 9.17181e-212 1.28202e-201 1.99786e-194 4.32643e-189 4.99925e-185 6.91829e-182
5.74219 0 0 0 5.15071e-263 7.72637e-230 6.07588e-214 1.18124e-203 2.2933e-196 5.82394e-191 7.59761e-187 1.15663e-183
5.78125 0 0 0 1.13105e-266 2.75476e-232 3.95952e-216 1.07447e-205 2.60331e-198 7.7609e-193 1.14378e-188 1.91635e-185
5.82031 0 0 0 1.60799e-270 9.55773e-235 2.53821e-218 9.64873e-208 2.92264e-200 1.02385e-194 1.70576e-190 3.14677e-187
5.85938 0 0 0 1.09893e-274 3.22551e-237 1.60044e-220 8.55397e-210 3.24506e-202 1.33723e-196 2.52015e-192 5.12133e-189
5.89844 0 0 0 9.29443e-285 1.05831e-239 9.9253e-223 7.4867e-212 3.56354e-204 1.72918e-198 3.68885e-194 8.26139e-191
5.9375 0 0 0 1.85638e-301 3.37428e-242 6.05359e-225 6.46902e-214 3.87047e-206 2.2139e-200 5.34969e-196 1.32098e-192
5.97656 0 0 0 0 1.04492e-244 3.63089e-227 5.51841e-216 4.15798e-208 2.80656e-202 7.68709e-198 2.0938e-194
6.01562 0 0 0 0 3.14103e-247 2.14145e-229 4.64747e-218 4.41823e-210 3.52296e-204 1.09448e-199 3.28995e-196
6.05469 0 0 0 0 9.16012e-250 1.24183e-231 3.86407e-220 4.64381e-212 4.379e-206 1.54414e-201 5.12483e-198
6.09375 0 0 0 0 2.59e-252 7.08009e-234 3.17174e-222 4.82803e-214 5.39002e-208 2.15883e-203 7.91454e-200
6.13281 0 0 0 0 7.09552e-255 3.9682e-236 2.57024e-224 4.96531e-216 6.57008e-210 2.99101e-205 1.21185e-201
6.17188 0 0 0 0 1.88214e-257 2.18618e-238 2.05622e-226 5.0514e-218 7.93105e-212 4.10683e-207 1.83978e-203
6.21094 0 0 0 0 4.83039e-260 1.18378e-240 1.62398e-228 5.08366e-220 9.48168e-214 5.58855e-209 2.76947e-205
6.25 0 0 0 0 1.19849e-262 6.29941e-243 1.2662e-230 5.06115e-222 1.12266e-215 7.53729e-211 4.13392e-207
6.28906 0 0 0 0 2.87237e-265 3.29401e-245 9.74608e-233 4.98468e-224 1.31654e-217 1.00756e-212 6.11898e-209
6.32812 0 0 0 0 6.64377e-268 1.69237e-247 7.40554e-235 4.85678e-226 1.52918e-219 1.335e-214 8.98183e-211
6.36719 0 0 0 0 1.48163e-270 8.54195e-250 5.5549e-237 4.68157e-228 1.75926e-221 1.75332e-216 1.30749e-212
6.40625 0 0 0 0 3.18252e-273 4.23499e-252 4.1132e-239 4.46448e-230 2.00477e-223 2.28261e-218 1.88763e-214
6.44531 0 0 0 0 6.57705e-276 2.06217e-254 3.00648e-241 4.21206e-232 2.26295e-225 2.94582e-220 2.70282e-216
6.48438 0 0 0 0 1.30618e-278 9.86078e-257 2.16922e-243 3.93158e-234 2.53029e-227 3.76875e-222 3.83845e-218
6.52344 0 0 0 0 2.48964e-281 4.62965e-259 1.54491e-245 3.63073e-236 2.80263e-229 4.77993e-224 5.40693e-220
6.5625 0 0 0 0 4.54812e-284 2.13387e-261 1.08605e-247 3.31727e-238 3.07519e-231 6.01028e-226 7.55469e-222
6.60156 0 0 0 0 7.95133e-287 9.65391e-264 7.53577e-250 2.99869e-240 3.3427e-233 7.49254e-228 1.04706e-223
6.64062 0 0 0 0 1.32818e-289 4.28626e-266 5.16089e-252 2.68194e-242 3.5996e-235 9.2606e-230 1.43955e-225
6.67969 0 0 0 0 2.11601e-292 1.86732e-268 3.4884e-254 2.37322e-244 3.8402e-237 1.13485e-231 1.96338e-227
6.71875 0 0 0 0 3.2091e-295 7.9808e-271 2.32712e-256 2.07778e-246 4.05887e-239 1.37893e-233 2.65653e-229
6.75781 0 0 0 0 4.6231e-298 3.34562e-273 1.5321e-258 1.79986e-248 4.25027e-241 1.66135e-235 3.56593e-231
6.79688 0 0 0 0 6.31185e-301 1.37538e-275 9.95436e-261 1.5426e-250 4.4096e-243 1.98476e-237 4.74893e-233
6.83594 0 0 0 0 8.14579e-304 5.54367e-278 6.38234e-263 1.30812e-252 4.53275e-245 2.35124e-239 6.27474e-235
6.875 0 0 0 0 9.9087e-307 2.1903e-280 4.03802e-265 1.09755e-254 4.61648e-247 2.76209e-241 8.22599e-237
6.91406 0 0 0 0 1.13244e-309 8.48101e-283 2.52092e-267 9.11128e-257 4.65862e-249 3.21769e-243 1.07001e-238
6.95312 0 0 0 0 1.21162e-312 3.21754e-285 1.55286e-269 7.48369e-259 4.65808e-251 3.71731e-245 1.38103e-240
6.99219 0 0 0 0 1.20863e-315 1.19571e-287 9.4377e-272 6.0818e-261 4.61496e-253 4.25892e-247 1.7687e-242
7.03125 0 0 0 0 1.11887e-318 4.35156e-290 5.65897e-274 4.89021e-263 4.53052e-255 4.83917e-249 2.24776e-244
7.07031 0 0 0 0 9.58487e-322 1.55047e-292 3.34751e-276 3.89045e-265 4.4071e-257 5.4532e-251 2.83469e-246
7.10938 0 0 0 0 0 5.40703e-295 1.95342e-278 3.0623e-267 4.24806e-259 6.09471e-253 3.54758e-248
7.14844 0 0 0 0 0 1.84504e-297 1.12443e-280 2.3849e-269 4.05757e-261 6.75593e-255 4.40598e-250
7.1875 0 0 0 0 0 6.15844e-300 6.38422e-283 1.83764e-271 3.84048e-263 7.42777e-257 5.43061e-252
7.22656 0 0 0 0 0 2.01009e-302 3.57512e-285 1.40093e-273 3.6021e-265 8.09994e-259 6.64299e-254
7.26562 0 0 0 0 0 6.41353e-305 1.97447e-287 1.05667e-275 3.34796e-267 8.76124e-261 8.06489e-256
7.30469 0 0 0 0 0 1.99968e-307 1.07537e-289 7.88524e-278 3.08365e-269 9.39981e-263 9.71772e-258
7.34375 0 0 0 0 0 6.09045e-310 5.77544e-292 5.82164e-280 2.81459e-271 1.00035e-264 1.16218e-259
7.38281 0 0 0 0 0 1.81132e-312 3.0584e-294 4.2523e-282 2.54585e-273 1.05601e-266 1.37954e-261
7.42188 0 0 0 0 0 5.25805e-315 1.5968e-296 3.07286e-284 2.28204e-275 1.10582e-268 1.62541e-263
7.46094 0 0 0 0 0 1.4892e-317 8.21905e-299 2.19683e-286 2.02717e-277 1.14869e-270 1.90093e-265
7.5 0 0 0 0 0 4.1131e-320 4.1703e-301 1.55374e-288 1.78459e-279 1.18368e-272 2.20675e-267
7.53906 0 0 0 0 0 1.08694e-322 2.08569e-303 1.08712e-290 1.55693e-281 1.21e-274 2.54295e-269
7.57812 0 0 0 0 0 0 1.02809e-305 7.52474e-293 1.34612e-283 1.22705e-276 2.9089e-271
7.61719 0 0 0 0 0 0 4.99421e-308 5.15237e-295 1.15342e-285 1.23446e-278 3.30321e-273
7.65625 0 0 0 0 0 0 2.39064e-310 3.48993e-297 9.7945e-288 1.23206e-280 3.72365e-275
7.69531 0 0 0 0 0 0 1.12754e-312 2.33835e-299 8.24267e-290 1.21993e-282 4.16713e-277
7.73438 0 0 0 0 0 0 5.23922e-315 1.5498e-301 6.8746e-292 1.19838e-284 4.62967e-279
7.77344 0 0 0 0 0 0 2.39815e-317 1.01603e-303 5.68226e-294 1.16792e-286 5.10642e-281
7.8125 0 0 0 0 0 0 1.08121e-319 6.58847e-306 4.65468e-296 1.12929e-288 5.59172e-283
7.85156 0 0 0 0 0 0 4.79244e-322 4.22573e-308 3.7788e-298 1.08335e-290 6.07918e-285
7.89062 0 0 0 0 0 0 0 2.68068e-310 3.04028e-300 1.03112e-292 6.56184e-287
7.92969 0 0 0 0 0 0 0 1.6819e-312 2.42421e-302 9.73729e-295 7.03224e-289
7.96875 0 0 0 0 0 0 0 1.04365e-314 1.91567e-304 9.12341e-297 7.4827e-291
8.00781 0 0 0 0 0 0 0 6.40461e-317 1.50026e-306 8.48147e-299 7.90546e-293
8.04688 0 0 0 0 0 0 0 3.88686e-319 1.16441e-308 7.82323e-301 8.29294e-295
8.08594 0 0 0 0 0 0 0 2.33693e-321 8.95647e-311 7.15989e-303 8.63793e-297
8.125 0 0 0 0 0 0 0 1.4822e-323 6.82744e-313 6.50183e-305 8.93384e-299
8.16406 0 0 0 0 0 0 0 0 5.15783e-315 5.8584e-307 9.17489e-301
8.20312 0 0 0 0 0 0 0 0 3.86154e-317 5.23769e-309 9.35634e-303
8.24219 0 0 0 0 0 0 0 0 2.86509e-319 4.64646e-311 9.47456e-305
8.28125 0 0 0 0 0 0 0 0 2.10966e-321 4.09006e-313 9.52726e-307
8.32031 0 0 0 0 0 0 0 0 1.4822e-323 3.57244e-315 9.51347e-309
8.35938 0 0 0 0 0 0 0 0 0 3.09622e-317 9.43362e-311
8.39844 0 0 0 0 0 0 0 0 0 2.66277e-319 9.2895e-313
8.4375 0 0 0 0 0 0 0 0 0 2.2727e-321 9.08422e-315
8.47656 0 0 0 0 0 0 0 0 0 1.97626e-323 8.82205e-317
8.51562 0 0 0 0 0 0 0 0 0 0 8.5083e-319
8.55469 0 0 0 0 0 0 0 0 0 0 8.14714e-321
8.59375 0 0 0 0 0 0 0 0 0 0 7.41098e-323
8.63281 0 0 0 0 0 0 0 0 0 0 0
8.67188 0 0 0 0 0 0 0 0 0 0 0
8.71094 0 0 0 0 0 0 0 0 0 0 0
8.75 0 0 0 0 0 0 0 0 0 0 0
8.78906 0 0 0 0 0 0 0 0 0 0 0
8.82812 0 0 0 0 0 0 0 0 0 0 0
8.86719 0 0 0 0 0 0 0 0 0 0 0
8.90625 0 0 0 0 0 0 0 0 0 0 0
8.94531 0 0 0 0 0 0 0 0 0 0 0
8.98438 0 0 0 0 0 0 0 0 0 0 0
9.02344 0 0 0 0 0 0 0 0 0 0 0
9.0625 0 0 0 0 0 0 0 0 0 0 0
9.10156 0 0 0 0 0 0 0 0 0 0 0
9.14062 0 0 0 0 0 0 0 0 0 0 0
9.17969 0 0 0 0 0 0 0 0 0 0 0
9.21875 0 0 0 0 0 0 0 0 0 0 0
9.25781 0 0 0 0 0 0 0 0 0 0 0
9.29688 0 0 0 0 0 0 0 0 0 0 0
9.33594 0 0 0 0 0 0 0 0 0 0 0
9.375 0 0 0 0 0 0 0 0 0 0 0
9.41406 0 0 0 0 0 0 0 0 0 0 0
9.45312 0 0 0 0 0 0 0 0 0 0 0
9.49219 0 0 0 0 0 0 0 0 0 0 0
9.53125 0 0 0 0 0 0 0 0 0 0 0
9.57031 0 0 0 0 0 0 0 0 0 0 0
9.60938 0 0 0 0 0 0 0 0 0 0 0
9.64844 0 0 0 0 0 0 0 0 0 0 0
9.6875 0 0 0 0 0 0 0 0 0 0 0
9.72656 0 0 0 0 0 0 0 0 0 0 0
9.76562 0 0 0 0 0 0 0 0 0 0 0
9.80469 0 0 0 0 0 0 0 0 0 0 0
9.84375 0 0 0 0 0 0 0 0 0 0 0
9.88281 0 0 0 0 0 0 0 0 0 0 0
9.92188 0 0 0 0 0 0 0 0 0 0 0
9.96094 0 0 0 0 0 0 0 0 0 0 0
