0 0 2.30816e-18 2.00516e-11 6.2477e-08 1.05178e-05 0.00036874 0.0047817 0.0311165 0.122379 0.329478 0.663767
0.0390625 0 2.04708e-16 6.26608e-10 1.15378e-06 0.000133786 0.00346739 0.0345705 0.1773 0.559427 1.22626 2.03977
0.078125 0 1.32107e-14 1.45715e-08 1.58445e-05 0.00125628 0.023775 0.179085 0.707157 1.73702 2.98545 3.91684
0.117188 0 6.45775e-13 2.62099e-07 0.000168144 0.00904803 0.123455 0.689745 2.04455 3.77866 4.86653 4.74423
0.15625 0 2.45579e-11 3.73768e-06 0.00141113 0.051022 0.493471 1.9932 4.27048 5.6127 4.96766 3.13022
0.195312 0 7.40078e-10 4.29551e-05 0.00950079 0.227703 1.52483 4.28597 6.2283 5.18689 2.45797 0.411298
0.234375 0 1.79035e-08 0.000402069 0.0517212 0.806376 3.61304 6.63714 5.73732 2.05439 -0.339712 -0.62034
0.273438 0 3.50746e-07 0.0030841 0.228203 2.25305 6.39945 6.79158 2.22845 -0.864413 -0.717413 0.0264603
0.3125 0 5.59531e-06 0.0194316 0.813444 4.88348 7.97853 3.40136 -1.19186 -0.828323 0.261261 0.213098
0.351562 0 7.28737e-05 0.100422 2.31931 7.92001 5.92437 -1.01662 -1.19779 0.469465 0.211786 -0.129877
0.390625 0 0.000774756 0.423311 5.18489 8.86285 0.731069 -2.02488 0.593164 0.266938 -0.231784 -0.0125649
0.429688 2.55088e-266 0.00670295 1.43955 8.74727 5.31176 -2.83109 0.277847 0.531396 -0.361702 0.0343961 0.0771987
0.46875 3.99965e-210 0.0468857 3.87486 10.2639 -0.965186 -1.31567 1.15217 -0.511648 0.0480895 0.104852 -0.0608776
0.507812 1.48096e-160 0.262253 7.98616 6.54233 -3.82061 1.57525 -0.400194 -0.088127 0.184861 -0.106811 0.0128997
0.546875 1.29497e-117 1.1528 11.8246 -1.05914 -0.626197 0.762727 -0.596807 0.372877 -0.169249 0.0313256 0.0243582
0.585938 2.67403e-81 3.87351 10.7452 -5.04525 2.4632 -1.19529 0.53669 -0.190292 0.0208767 0.0386651 -0.0349062
0.625 1.30397e-51 9.49102 2.38166 -1.06148 0.326681 -0.122139 0.103006 -0.109291 0.095184 -0.0612435 0.0238242
0.664062 1.50161e-28 15.4601 -6.08999 3.39325 -1.78712 0.890656 -0.442749 0.22361 -0.107503 0.0405036 -0.00455355
0.703125 4.08358e-12 12.9502 -3.95488 0.592443 0.363036 -0.410274 0.256555 -0.124052 0.0437221 -0.00312364 -0.0111427
0.742188 0.0262251 -1.82024 3.97329 -2.57279 1.12659 -0.378532 0.111388 -0.0429375 0.0305173 -0.0256389 0.0175876
0.78125 39.7727 -9.83826 2.3262 0.527075 -0.90729 0.583339 -0.28962 0.136153 -0.0672489 0.0340623 -0.0150181
0.820312 0.0142444 2.97028 -3.65261 1.60972 -0.225026 -0.195764 0.193431 -0.114522 0.0567039 -0.0241949 0.00714842
0.859375 1.20475e-12 5.13165 0.280633 -1.40969 0.848581 -0.26603 0.0242309 0.024937 -0.0180393 0.00569865 0.00154673
0.898438 2.40625e-29 -6.48638 2.4016 -0.126634 -0.549561 0.404149 -0.174907 0.0595146 -0.0212225 0.011109 -0.00771814
0.9375 1.13495e-52 4.26737 -2.25926 1.14504 -0.133217 -0.206963 0.176599 -0.0917035 0.0417479 -0.0197552 0.00990385
0.976562 1.26417e-82 -2.02827 0.572344 -0.991548 0.549017 -0.0906455 -0.0680339 0.0675465 -0.0387079 0.0188809 -0.00838056
1.01562 3.32526e-119 0.772593 0.923886 0.18386 -0.479682 0.262976 -0.0577112 -0.0135772 0.0191733 -0.011099 0.00451716
1.05469 2.06556e-162 -0.248224 -1.53849 0.521983 0.117764 -0.237046 0.125821 -0.0364662 0.00471652 0.000804709 -2.07445e-05
1.09375 3.03e-212 0.0693458 1.44154 -0.752878 0.227833 0.0813956 -0.114557 0.0601051 -0.0223092 0.00789392 -0.00366267
1.13281 1.04964e-268 -0.0171868 -1.04417 0.5626 -0.368383 0.0845558 0.0489276 -0.0528668 0.0281859 -0.0124646 0.00567862
1.17188 0 0.0038326 0.640225 -0.193469 0.29373 -0.173432 0.0269124 0.0247333 -0.0226768 0.012317 -0.00582979
1.21094 0 -0.000776969 -0.346616 -0.140319 -0.104709 0.163078 -0.0765103 0.0083396 0.0101058 -0.00844984 0.00444935
1.25 0 0.000144311 0.169783 0.337989 -0.0819168 -0.0841309 0.0849073 -0.0325281 0.00381976 0.00272783 -0.00217774
1.28906 0 -2.4704e-05 -0.0764464 -0.396801 0.19331 -0.0124513 -0.0582345 0.0407938 -0.0142893 0.00287905 -0.000271265
1.32812 0 3.91564e-06 0.0319945 0.361816 -0.213141 0.0842871 0.0146978 -0.03353 0.0186939 -0.00686673 0.00229619
1.36719 0 -5.76698e-07 -0.0125497 -0.284177 0.164231 -0.111608 0.0261203 0.0163514 -0.0168592 0.00848249 -0.00351718
1.40625 0 7.91386e-08 0.00464284 0.200738 -0.0834742 0.0968002 -0.0508338 0.00322162 0.0104756 -0.00773654 0.00380718
1.44531 0 -1.01394e-08 -0.00162819 -0.130534 0.00310875 -0.0557319 0.0550293 -0.0186956 -0.00214806 0.00521843 -0.00326095
1.48438 0 1.21468e-09 0.000543443 0.0792791 0.0575786 0.00761102 -0.0420162 0.0263286 -0.00554813 -0.00182069 0.00212585
1.52344 0 -1.36196e-10 -0.000173209 -0.0454178 -0.0922935 0.0323337 0.0194527 -0.0255049 0.0107444 -0.00153778 -0.000719047
1.5625 0 1.43008e-11 5.28627e-05 0.0247191 0.103662 -0.0560172 0.00427121 0.0180861 -0.0125893 0.00412442 -0.00064878
1.60156 0 -1.40641e-12 -1.54845e-05 -0.012851 -0.0984727 0.062222 -0.0226671 -0.00725576 0.0112191 -0.00551174 0.00173047
1.64062 0 1.29516e-13 4.36176e-06 0.00640885 0.0840673 -0.054425 0.0323573 -0.00365828 -0.00749555 0.0056018 -0.00237438
1.67969 0 -1.11618e-14 -1.1835e-06 -0.00307646 -0.066368 0.0381855 -0.0330237 0.0120594 0.00263945 -0.00457622 0.00253207
1.71875 0 8.99363e-16 3.09765e-07 0.0014255 0.0492464 -0.0190293 0.0265639 -0.0165233 0.00212308 0.00280178 -0.00224623
1.75781 0 -6.76624e-17 -7.8304e-08 -0.00063906 -0.0347055 0.00119576 -0.0159676 0.0168293 -0.00582627 -0.00072171 0.00162586
1.79688 0 4.74489e-18 1.91372e-08 0.000277736 0.0233971 0.0127949 0.00430174 -0.0137029 0.00790774 -0.00124259 -0.000815947
1.83594 0 -3.09485e-19 -4.52589e-09 -0.000117211 -0.0151691 -0.0220023 0.00598193 0.00841756 -0.00823234 0.00276351 -3.22967e-05
1.875 0 1.87264e-20 1.03656e-09 4.8104e-05 0.00949609 0.0266377 -0.0133698 -0.00239117 0.00702438 -0.00364625 0.000785851
1.91406 0 -1.04786e-21 -2.30057e-10 -1.92228e-05 -0.00575835 -0.0275715 0.0172985 -0.00313465 -0.0047465 0.00383609 -0.00134656
1.95312 0 5.40202e-23 4.95073e-11 7.4877e-06 0.00339106 0.025917 -0.0179666 0.00728873 0.00196317 -0.00340029 0.00165926
1.99219 0 -2.55418e-24 -1.03347e-11 -2.84575e-06 -0.00194346 -0.0227436 0.0160598 -0.00963767 0.000781335 0.00249382 -0.00171202
2.03125 0 1.10167e-25 2.09356e-12 1.05616e-06 0.0010859 0.0189208 -0.0124765 0.0101516 -0.00305192 -0.00131832 0.00153029
2.07031 0 -4.30654e-27 -4.11691e-13 -3.83062e-07 -0.000592424 -0.0150659 0.00810935 -0.00910589 0.0045715 8.25935e-05 -0.00116703
2.10938 0 1.51372e-28 7.86073e-14 1.35865e-07 0.000315983 0.0115575 -0.00370336 0.00695724 -0.0052317 0.00102979 0.000691061
2.14844 0 -4.73759e-30 -1.45761e-14 -4.71517e-08 -0.000164956 -0.00858199 -0.000211161 -0.0042235 0.00507365 -0.00188228 -0.000175497
2.1875 0 1.30415e-31 2.6252e-15 1.60202e-08 8.43666e-05 0.00619029 0.00332697 0.00138787 -0.00424974 0.00239583 -0.000312116
2.22656 0 -3.10803e-33 -4.59261e-16 -5.33114e-09 -4.23101e-05 -0.00434942 -0.00552977 0.00116428 0.0029775 -0.00254923 0.000717191
2.26562 0 6.27881e-35 7.80447e-17 1.73834e-09 2.08217e-05 0.0029834 0.00684942 -0.00317531 -0.0014947 0.00237127 -0.00100252
2.30469 0 -1.04416e-36 -1.28827e-17 -5.55614e-10 -1.0062e-05 -0.00200143 -0.00740725 0.00451755 2.21144e-05 -0.001928 0.00114982
2.34375 0 1.36839e-38 2.06546e-18 1.74131e-10 4.77751e-06 0.00131513 0.00736949 -0.00517612 0.0012624 0.00130758 -0.00115882
2.38281 0 -1.31529e-40 -3.21609e-19 -5.35265e-11 -2.23001e-06 -0.000847525 -0.00691142 0.00522076 -0.00223789 -0.000605478 0.00104439
2.42188 0 8.04491e-43 4.86264e-20 1.61423e-11 1.02378e-06 0.000536248 0.00619357 -0.00477443 0.00284338 -8.83337e-05 -0.000832592
2.46094 0 -2.02162e-45 -7.13778e-21 -4.77704e-12 -4.62481e-07 -0.000333439 -0.00534862 0.00398403 -0.00307248 0.000698911 0.000556106
2.5 0 -3.96444e-48 1.01694e-21 1.38752e-12 2.05653e-07 0.000203921 0.00447671 -0.00299662 0.00296232 -0.0011722 -0.000249827
2.53906 0 -1.11089e-57 -1.40589e-22 -3.95622e-13 -9.005e-08 -0.000122748 -0.00364651 0.00194271 -0.0025799 0.00147732 -5.30453e-05
2.57812 0 -7.08912e-74 1.88532e-23 1.1075e-13 3.88401e-08 7.27699e-05 0.00289955 -0.000926486 0.00200804 -0.00160579 0.000324053
2.61719 0 -1.03268e-96 -2.45154e-24 -3.04429e-14 -1.65063e-08 -4.25128e-05 -0.00225607 2.20887e-05 -0.00133289 0.00156842 -0.000541532
2.65625 0 -3.44122e-126 3.08982e-25 8.21769e-15 6.91362e-09 2.44871e-05 0.00172094 0.000725597 0.000634033 -0.00139078 0.000691647
2.69531 0 -2.62821e-162 -3.77284e-26 -2.17858e-15 -2.85464e-09 -1.39125e-05 -0.00128897 -0.00129712 2.22753e-05 0.00110799 -0.000768503
2.73438 0 -4.60848e-205 4.46095e-27 5.67264e-16 1.1622e-09 7.80002e-06 0.000949144 0.00169307 -0.000586826 -0.000759572 0.000773489
2.77344 0 -1.85819e-254 -5.10467e-28 -1.45079e-16 -4.66638e-10 -4.31691e-06 -0.000687868 -0.00192822 0.00102848 0.000384843 -0.000714059
2.8125 0 -1.72537e-310 5.64974e-29 3.6446e-17 1.84809e-10 2.35929e-06 0.000491087 0.00202608 -0.00133308 -1.93061e-05 0.000602181
2.85156 0 0 -6.04396e-30 -8.99341e-18 -7.22072e-11 -1.27366e-06 -0.000345649 -0.00201421 0.00150096 -0.000307937 -0.000452631
2.89062 0 0 6.24504e-31 2.17987e-18 2.78364e-11 6.79372e-07 0.000240012 0.00192068 -0.00154364 0.00057564 0.00028134
2.92969 0 0 -6.22776e-32 -5.18994e-19 -1.05895e-11 -3.58141e-07 -0.000164518 -0.00177153 0.00148027 -0.000770853 -0.000103913
2.96875 0 0 5.98886e-33 1.21369e-19 3.97579e-12 1.86635e-07 0.000111381 0.00158931 -0.00133424 0.000888539 -6.5583e-05
3.00781 0 0 -5.54845e-34 -2.78774e-20 -1.47331e-12 -9.61646e-08 -7.45115e-05 -0.00139233 0.00113027 -0.000930566 0.000215501
3.04688 0 0 4.94748e-35 6.28885e-21 5.3893e-13 4.90009e-08 4.92764e-05 0.00119455 -0.000892093 0.00090431 -0.000337159
3.08594 0 0 -4.24141e-36 -1.39327e-21 -1.94612e-13 -2.46965e-08 -3.22271e-05 -0.00100592 0.000640832 -0.000821064 0.000425057
3.125 0 0 3.49174e-37 3.0312e-22 6.93801e-14 1.23134e-08 2.08506e-05 0.000832863 -0.000393964 0.000694455 -0.000476824
3.16406 0 0 -2.75691e-38 -6.47539e-23 -2.44207e-14 -6.07435e-09 -1.33495e-05 -0.000678961 0.000164891 -0.000538974 0.000492925
3.20312 0 0 2.08473e-39 1.35815e-23 8.48705e-15 2.9652e-09 8.46015e-06 0.000545605 3.70739e-05 0.000368749 -0.000476213
3.24219 0 0 -1.50752e-40 -2.79647e-24 -2.91241e-15 -1.43251e-09 -5.30852e-06 -0.000432606 -0.000206382 -0.000196578 0.000431375
3.28125 0 0 1.04073e-41 5.65196e-25 9.86864e-16 6.84978e-10 3.29875e-06 0.000338721 0.000340723 3.32707e-05 -0.000364344
3.32031 0 0 -6.84682e-43 -1.12113e-25 -3.30205e-16 -3.24218e-10 -2.03048e-06 -0.000262076 -0.000440392 0.000112735 0.000281713
3.35938 0 0 4.28392e-44 2.18229e-26 1.09104e-16 1.51921e-10 1.23824e-06 0.0002005 0.000507624 -0.000235503 -0.0001902
3.39844 0 0 -2.5435e-45 -4.16777e-27 -3.55983e-17 -7.04787e-11 -7.48245e-07 -0.00015175 -0.00054597 0.000331526 9.61982e-05
3.4375 0 0 1.42954e-46 7.80823e-28 1.14698e-17 3.23734e-11 4.48114e-07 0.000113677 0.000559741 -0.000399494 -5.41694e-06
3.47656 0 0 -7.58478e-48 -1.43476e-28 -3.64936e-18 -1.47245e-11 -2.66013e-07 -8.43187e-05 -0.000553546 0.00043996 -7.73758e-05
3.51562 0 0 3.78741e-49 2.58522e-29 1.14659e-18 6.63195e-12 1.56548e-07 6.195e-05 0.000531944 -0.000454952 0.000148503
3.55469 0 0 -1.77375e-50 -4.56686e-30 -3.55735e-19 -2.9581e-12 -9.13432e-08 -4.5099e-05 -0.00049918 0.000447564 -0.000205439
3.59375 0 0 7.76057e-52 7.90756e-31 1.08983e-19 1.30671e-12 5.28494e-08 3.25408e-05 0.000459021 -0.000421567 0.000246783
3.63281 0 0 -3.15789e-53 -1.34175e-31 -3.29685e-20 -5.71685e-13 -3.0324e-08 -2.32778e-05 -0.000414673 0.000381054 -0.000272178
3.67188 0 0 1.18893e-54 2.23045e-32 9.8476e-21 2.47721e-13 1.72566e-08 1.65123e-05 0.000368742 -0.000330144 0.000282167
3.71094 0 0 -4.11672e-56 -3.63158e-33 -2.90427e-21 -1.0632e-13 -9.74071e-09 -1.16179e-05 -0.000323257 0.000272745 -0.000278032
3.75 0 0 1.30163e-57 5.78973e-34 8.45668e-22 4.51978e-14 5.45412e-09 8.10926e-06 0.000279716 -0.00021238 0.000261613
3.78906 0 0 -3.72604e-59 -9.03555e-35 -2.43108e-22 -1.90321e-14 -3.02965e-09 -5.61631e-06 -0.000239148 0.000152072 -0.000235119
3.82812 0 0 9.55659e-61 1.37991e-35 6.89943e-23 7.93833e-15 1.66964e-09 3.86019e-06 0.00020219 -9.42894e-05 0.000200961
3.86719 0 0 -2.16763e-62 -2.06161e-36 -1.93293e-23 -3.27982e-15 -9.12947e-10 -2.63342e-06 -0.000169162 4.09227e-05 -0.000161591
3.90625 0 0 4.27573e-64 3.01214e-37 5.3454e-24 1.34232e-15 4.95319e-10 1.78339e-06 0.000140138 6.68893e-06 0.000119373
3.94531 0 0 -7.17203e-66 -4.30229e-38 -1.45907e-24 -5.44183e-16 -2.66664e-10 -1.19907e-06 -0.000115013 -4.77135e-05 -7.64808e-05
3.98438 0 0 9.91225e-68 6.00504e-39 3.93076e-25 2.18535e-16 1.42464e-10 8.00505e-07 9.35563e-05 8.1762e-05 3.48139e-05
4.02344 0 0 -1.0758e-69 -8.18754e-40 -1.04506e-25 -8.69331e-17 -7.55308e-11 -5.30706e-07 -7.54576e-05 -0.000108815 4.04647e-06
4.0625 0 0 8.43792e-72 1.09001e-40 2.74184e-26 3.42557e-17 3.97412e-11 3.49428e-07 6.03656e-05 0.000129147 -3.88652e-05
4.10156 0 0 -3.97825e-74 -1.41631e-41 -7.09803e-27 -1.33709e-17 -2.07525e-11 -2.28516e-07 -4.79147e-05 -0.00014325 6.87564e-05
4.14062 0 0 4.56491e-77 1.79528e-42 1.81296e-27 5.16969e-18 1.07554e-11 1.48445e-07 3.77451e-05 0.000151767 -9.31687e-05
4.17969 0 0 3.72902e-79 -2.21895e-43 -4.56829e-28 -1.97987e-18 -5.53246e-12 -9.57947e-08 -2.9517e-05 -0.000155429 0.000111858
4.21875 0 0 1.77445e-88 2.67286e-44 1.1355e-28 7.51054e-19 2.82462e-12 6.14151e-08 2.29194e-05 0.000155006 -0.000124848
4.25781 0 0 1.91031e-104 -3.13609e-45 -2.78387e-29 -2.822e-19 -1.43139e-12 -3.91197e-08 -1.76742e-05 -0.000151262 0.000132389
4.29688 0 0 4.66453e-127 3.58209e-46 6.73109e-30 1.05023e-19 7.19985e-13 2.47588e-08 1.35383e-05 0.000144928 -0.000134906
4.33594 0 0 2.58918e-156 -3.98068e-47 -1.6049e-30 -3.87119e-20 -3.59467e-13 -1.55705e-08 -1.03027e-05 -0.000136676 0.000132959
4.375 0 0 3.27387e-192 4.30108e-48 3.773e-31 1.41326e-20 1.78144e-13 9.73059e-09 7.7904e-06 0.000127106 -0.000127192
4.41406 0 0 9.44764e-235 -4.5155e-49 -8.74469e-32 -5.10977e-21 -8.76325e-14 -6.04306e-09 -5.85407e-06 -0.000116735 0.000118295
4.45312 0 0 6.23291e-284 4.60291e-50 1.99786e-32 1.82966e-21 4.27899e-14 3.72973e-09 4.37219e-06 0.000106001 -0.00010697
4.49219 0 0 0 -4.55231e-51 -4.49875e-33 -6.48801e-22 -2.07397e-14 -2.28779e-09 -3.24589e-06 -9.52573e-05 9.38979e-05
4.53125 0 0 0 4.36471e-52 9.98301e-34 2.27829e-22 9.97811e-15 1.39474e-09 2.39558e-06 8.4782e-05 -7.97192e-05
4.57031 0 0 0 -4.05355e-53 -2.18278e-34 -7.92211e-23 -4.76518e-15 -8.45118e-10 -1.75782e-06 -7.47843e-05 6.50138e-05
4.60938 0 0 0 3.64317e-54 4.7019e-35 2.72766e-23 2.25888e-15 5.08986e-10 1.28251e-06 6.54122e-05 -5.02898e-05
4.64844 0 0 0 -3.16568e-55 -9.9766e-36 -9.29902e-24 -1.06289e-15 -3.04698e-10 -9.30491e-07 -5.67616e-05 3.5977e-05
4.6875 0 0 0 2.65676e-56 2.0848e-36 3.13876e-24 4.96435e-16 1.81309e-10 6.71366e-07 4.88851e-05 -2.24242e-05
4.72656 0 0 0 -2.15108e-57 -4.28992e-37 -1.04889e-24 -2.30148e-16 -1.07242e-10 -4.81764e-07 -4.18004e-05 9.90074e-06
4.76562 0 0 0 1.67828e-58 8.69076e-38 3.47002e-25 1.05906e-16 6.30537e-11 3.43848e-07 3.54978e-05 1.39952e-06
4.80469 0 0 0 -1.26016e-59 -1.73305e-38 -1.13641e-25 -4.83725e-17 -3.68527e-11 -2.44109e-07 -2.99476e-05 -1.13518e-05
4.84375 0 0 0 9.09383e-61 3.40118e-39 3.68398e-26 2.19296e-17 2.14114e-11 1.72389e-07 2.51055e-05 1.98927e-05
4.88281 0 0 0 -6.29769e-62 -6.5679e-40 -1.18209e-26 -9.86754e-18 -1.23664e-11 -1.21107e-07 -2.0918e-05 -2.70114e-05
4.92188 0 0 0 4.17863e-63 1.24771e-40 3.75408e-27 4.40684e-18 7.10011e-12 8.46411e-08 1.7326e-05 3.27409e-05
4.96094 0 0 0 -2.65184e-64 -2.33132e-41 -1.17992e-27 -1.95333e-18 -4.05245e-12 -5.88527e-08 -1.42688e-05 -3.7149e-05
5 0 0 0 1.60655e-65 4.28346e-42 3.66997e-28 8.59299e-19 2.29934e-12 4.0714e-08 1.16856e-05 4.03299e-05
5.03906 0 0 0 -9.27191e-67 -7.73743e-43 -1.12955e-28 -3.75165e-19 -1.29695e-12 -2.80239e-08 -9.5183e-06 -4.23964e-05
5.07812 0 0 0 5.086e-68 1.37374e-43 3.43993e-29 1.62554e-19 7.27238e-13 1.91927e-08 7.71201e-06 4.34728e-05
5.11719 0 0 0 -2.64494e-69 -2.39671e-44 -1.03648e-29 -6.98974e-20 -4.05383e-13 -1.30792e-08 -6.21628e-06 -4.36891e-05
5.15625 0 0 0 1.30036e-70 4.10788e-45 3.0896e-30 2.98261e-20 2.24641e-13 8.86902e-09 4.98535e-06 4.31759e-05
5.19531 0 0 0 -6.02493e-72 -6.91516e-46 -9.11051e-31 -1.26297e-20 -1.2375e-13 -5.98455e-09 -3.97841e-06 -4.20601e-05
5.23438 0 0 0 2.62148e-73 1.14301e-46 2.65732e-31 5.30681e-21 6.7769e-14 4.01846e-09 3.15946e-06 4.04623e-05
5.27344 0 0 0 -1.06686e-74 -1.85455e-47 -7.66598e-32 -2.21262e-21 -3.68932e-14 -2.68516e-09 -2.49714e-06 -3.84938e-05
5.3125 0 0 0 4.04241e-76 2.95287e-48 2.18714e-32 9.15365e-22 1.99658e-14 1.78554e-09 1.96442e-06 3.62555e-05
5.35156 0 0 0 -1.41858e-77 -4.6125e-49 -6.17064e-33 -3.75735e-22 -1.07411e-14 -1.18159e-09 -1.53823e-06 -3.38367e-05
5.39062 0 0 0 4.58211e-79 7.06606e-50 1.72142e-33 1.53021e-22 5.74413e-15 7.78159e-10 1.19903e-06 3.1315e-05
5.42969 0 0 0 -1.35241e-80 -1.06127e-50 -4.74796e-34 -6.18284e-23 -3.05361e-15 -5.10012e-10 -9.3045e-07 -2.87564e-05
5.46875 0 0 0 3.61553e-82 1.56221e-51 1.29463e-34 2.4784e-23 1.61364e-15 3.32665e-10 7.18841e-07 2.62156e-05
5.50781 0 0 0 -8.66139e-84 -2.253e-52 -3.48946e-35 -9.85563e-24 -8.47618e-16 -2.15951e-10 -5.52933e-07 -2.37365e-05
5.54688 0 0 0 1.83438e-85 3.18226e-53 9.29608e-36 3.88782e-24 4.42573e-16 1.39516e-10 4.23482e-07 2.13537e-05
5.58594 0 0 0 -3.37499e-87 -4.40041e-54 -2.4475e-36 -1.52131e-24 -2.29697e-16 -8.97059e-11 -3.22954e-07 -1.90928e-05
5.625 0 0 0 5.2679e-89 5.95478e-55 6.36766e-37 5.90474e-25 1.18496e-16 5.74045e-11 2.45249e-07 1.6972e-05
5.66406 0 0 0 -6.74184e-91 -7.88263e-56 -1.63689e-37 -2.27317e-25 -6.076e-17 -3.65595e-11 -1.8546e-07 -1.50029e-05
5.70312 0 0 0 6.70362e-93 1.02029e-56 4.15714e-38 8.67939e-26 3.09665e-17 2.31732e-11 1.39666e-07 1.31914e-05
5.74219 0 0 0 -4.68566e-95 -1.2907e-57 -1.04292e-38 -3.28664e-26 -1.56862e-17 -1.46185e-11 -1.04746e-07 -1.1539e-05
5.78125 0 0 0 1.76465e-97 1.59504e-58 2.58425e-39 1.23423e-26 7.89737e-18 9.17805e-12 7.82361e-08 1.00435e-05
5.82031 0 0 0 1.18165e-100 -1.92465e-59 -6.32398e-40 -4.5962e-27 -3.95164e-18 -5.73493e-12 -5.81985e-08 -8.69989e-06
5.85938 0 0 0 -3.12954e-102 2.26641e-60 1.52814e-40 1.69721e-27 1.96513e-18 3.56643e-12 4.31184e-08 7.50094e-06
5.89844 0 0 0 -2.10144e-111 -2.60314e-61 -3.64582e-41 -6.21416e-28 -9.71207e-19 -2.20733e-12 -3.18177e-08 -6.43796e-06
5.9375 0 0 0 -3.18365e-127 2.91463e-62 8.58668e-42 2.25587e-28 4.77011e-19 1.35964e-12 2.33852e-08 5.50129e-06
5.97656 0 0 0 -1.09097e-149 -3.17933e-63 -1.99615e-42 -8.11902e-29 -2.32824e-19 -8.33494e-13 -1.71194e-08 -4.68071e-06
6.01562 0 0 0 -8.47605e-179 3.37662e-64 4.57971e-43 2.89685e-29 1.12927e-19 5.0851e-13 1.2483e-08 3.96582e-06
6.05469 0 0 0 -1.49615e-214 -3.48929e-65 -1.0368e-43 -1.0246e-29 -5.44286e-20 -3.08752e-13 -9.06643e-09 -3.34633e-06
6.09375 0 0 0 -6.01162e-257 3.50589e-66 2.31576e-44 3.59217e-30 2.60675e-20 1.86565e-13 6.55918e-09 2.81225e-06
6.13281 0 0 0 -5.50816e-306 -3.42252e-67 -5.10235e-45 -1.24827e-30 -1.24052e-20 -1.1219e-13 -4.72676e-09 -2.3541e-06
6.17188 0 0 0 0 3.24372e-68 1.1088e-45 4.29914e-31 5.8657e-21 6.71399e-14 3.393e-09 1.96295e-06
6.21094 0 0 0 0 -2.98218e-69 -2.37616e-46 -1.46739e-31 -2.75574e-21 -3.99852e-14 -2.42613e-09 -1.63057e-06
6.25 0 0 0 0 2.65728e-70 5.02062e-47 4.96326e-32 1.2863e-21 2.36977e-14 1.72805e-09 1.34939e-06
6.28906 0 0 0 0 -2.29274e-71 -1.04575e-47 -1.66348e-32 -5.96508e-22 -1.39764e-14 -1.22607e-09 -1.11258e-06
6.32812 0 0 0 0 1.91361e-72 2.14686e-48 5.52416e-33 2.74817e-22 8.20272e-15 8.66551e-10 9.13991e-07
6.36719 0 0 0 0 -1.54341e-73 -4.34319e-49 -1.81752e-33 -1.25779e-22 -4.79058e-15 -6.10089e-10 -7.48152e-07
6.40625 0 0 0 0 1.20157e-74 8.65687e-50 5.92413e-34 5.71866e-23 2.78406e-15 4.27872e-10 6.1023e-07
6.44531 0 0 0 0 -9.01849e-76 -1.69971e-50 -1.91279e-34 -2.58275e-23 -1.60998e-15 -2.98922e-10 -4.95989e-07
6.48438 0 0 0 0 6.5174e-77 3.28672e-51 6.1175e-35 1.15866e-23 9.26412e-16 2.08029e-10 4.01737e-07
6.52344 0 0 0 0 -4.52863e-78 -6.25799e-52 -1.9378e-35 -5.16294e-24 -5.30424e-16 -1.44216e-10 -3.24278e-07
6.5625 0 0 0 0 3.02106e-79 1.173e-52 6.07907e-36 2.285e-24 3.02181e-16 9.9592e-11 2.60863e-07
6.60156 0 0 0 0 -1.93173e-80 -2.16402e-53 -1.88852e-36 -1.0044e-24 -1.71288e-16 -6.85105e-11 -2.09142e-07
6.64062 0 0 0 0 1.18184e-81 3.92845e-54 5.80931e-37 4.38465e-25 9.66035e-17 4.69472e-11 1.67115e-07
6.67969 0 0 0 0 -6.90496e-83 -7.01583e-55 -1.76933e-37 -1.90088e-25 -5.42069e-17 -3.20464e-11 -1.33089e-07
6.71875 0 0 0 0 3.84448e-84 1.23234e-55 5.33499e-38 8.18364e-26 3.02622e-17 2.17904e-11 1.05642e-07
6.75781 0 0 0 0 -2.03508e-85 -2.12847e-56 -1.59244e-38 -3.49854e-26 -1.68082e-17 -1.47592e-11 -8.35812e-08
6.79688 0 0 0 0 1.02159e-86 3.61392e-57 4.70491e-39 1.48511e-26 9.28763e-18 9.95794e-12 6.59117e-08
6.83594 0 0 0 0 -4.84941e-88 -6.03045e-58 -1.37582e-39 -6.25944e-27 -5.10552e-18 -6.69241e-12 -5.18093e-08
6.875 0 0 0 0 2.16988e-89 9.88694e-59 3.98153e-40 2.61939e-27 2.79199e-18 4.48021e-12 4.0593e-08
6.91406 0 0 0 0 -9.11924e-91 -1.59218e-59 -1.14018e-40 -1.08825e-27 -1.51886e-18 -2.98752e-12 -3.17029e-08
6.95312 0 0 0 0 3.58506e-92 2.51777e-60 3.23063e-41 4.48846e-28 8.21927e-19 1.98434e-12 2.46807e-08
6.99219 0 0 0 0 -1.31229e-93 -3.9084e-61 -9.05626e-42 -1.83774e-28 -4.42438e-19 -1.31284e-12 -1.91528e-08
7.03125 0 0 0 0 4.44863e-95 5.95398e-62 2.51137e-42 7.46909e-29 2.36897e-19 8.65144e-13 1.48158e-08
7.07031 0 0 0 0 -1.3879e-96 -8.89814e-63 -6.88852e-43 -3.01316e-29 -1.26166e-19 -5.67862e-13 -1.14247e-08
7.10938 0 0 0 0 3.95542e-98 1.30415e-63 1.86874e-43 1.20649e-29 6.68324e-20 3.71252e-13 8.78193e-09
7.14844 0 0 0 0 -1.02052e-99 -1.8739e-64 -5.01335e-44 -4.79454e-30 -3.52111e-20 -2.41746e-13 -6.72924e-09
7.1875 0 0 0 0 2.35743e-101 2.63871e-65 1.32989e-44 1.8909e-30 1.84503e-20 1.56786e-13 5.14013e-09
7.22656 0 0 0 0 -4.80786e-103 -3.64003e-66 -3.48787e-45 -7.40051e-31 -9.61497e-21 -1.01277e-13 -3.91397e-09
7.26562 0 0 0 0 8.49921e-105 4.91716e-67 9.04294e-46 2.87409e-31 4.98305e-21 6.51559e-14 2.97096e-09
7.30469 0 0 0 0 -1.26977e-106 -6.50195e-68 -2.31746e-46 -1.10754e-31 -2.56821e-21 -4.17479e-14 -2.24808e-09
7.34375 0 0 0 0 1.54433e-108 8.41221e-69 5.86965e-47 4.23459e-32 1.31625e-21 2.66407e-14 1.69577e-09
7.38281 0 0 0 0 -1.43698e-110 -1.06444e-69 -1.46911e-47 -1.60631e-32 -6.70815e-22 -1.69307e-14 -1.27514e-09
7.42188 0 0 0 0 9.00129e-113 1.31667e-70 3.63315e-48 6.04482e-33 3.39944e-22 1.07157e-14 9.55846e-10
7.46094 0 0 0 0 -2.39795e-115 -1.59137e-71 -8.87649e-49 -2.25657e-33 -1.71291e-22 -6.75407e-15 -7.14257e-10
7.5 0 0 0 0 -1.14047e-117 1.87837e-72 2.14224e-49 8.35593e-34 8.58166e-23 4.23942e-15 5.32056e-10
7.53906 0 0 0 0 9.10374e-120 -2.16414e-73 -5.10627e-50 -3.06897e-34 -4.27462e-23 -2.64992e-15 -3.9509e-10
7.57812 0 0 0 0 7.89407e-129 2.43243e-74 1.20195e-50 1.11793e-34 2.11688e-23 1.64944e-15 2.9246e-10
7.61719 0 0 0 0 1.54203e-144 -2.66562e-75 -2.79352e-51 -4.03857e-35 -1.04219e-23 -1.02236e-15 -2.15809e-10
7.65625 0 0 0 0 6.80319e-167 2.84641e-76 6.40969e-52 1.44678e-35 5.1008e-24 6.30997e-16 1.58745e-10
7.69531 0 0 0 0 6.79483e-196 -2.95978e-77 -1.45169e-52 -5.13937e-36 -2.48169e-24 -3.8779e-16 -1.16402e-10
7.73438 0 0 0 0 1.53961e-231 2.995e-78 3.24487e-53 1.81015e-36 1.2002e-24 2.37301e-16 8.50825e-11
7.77344 0 0 0 0 7.92953e-274 -2.94716e-79 -7.15708e-54 -6.32105e-37 -5.76959e-25 -1.44586e-16 -6.19929e-11
7.8125 0 0 0 0 9.38725e-323 2.81811e-80 1.55746e-54 2.18825e-37 2.75674e-25 8.77137e-17 4.50256e-11
7.85156 0 0 0 0 0 -2.61648e-81 -3.34327e-55 -7.50945e-38 -1.30915e-25 -5.29796e-17 -3.25979e-11
7.89062 0 0 0 0 0 2.3568e-82 7.07818e-56 2.55439e-38 6.17883e-26 3.18595e-17 2.35249e-11
7.92969 0 0 0 0 0 -2.05775e-83 -1.47772e-56 -8.61191e-39 -2.89818e-26 -1.90742e-17 -1.69227e-11
7.96875 0 0 0 0 0 1.73989e-84 3.0416e-57 2.87748e-39 1.35091e-26 1.13689e-17 1.21342e-11
8.00781 0 0 0 0 0 -1.42324e-85 -6.17125e-58 -9.5277e-40 -6.25732e-27 -6.74599e-18 -8.67251e-12
8.04688 0 0 0 0 0 1.12513e-86 1.23402e-58 3.12603e-40 2.87999e-27 3.98484e-18 6.17828e-12
8.08594 0 0 0 0 0 -8.58621e-88 -2.43144e-59 -1.01622e-40 -1.31708e-27 -2.34316e-18 -4.38706e-12
8.125 0 0 0 0 0 6.31758e-89 4.71965e-60 3.27295e-41 5.98455e-28 1.37154e-18 3.10496e-12
8.16406 0 0 0 0 0 -4.47594e-90 -9.02345e-61 -1.04426e-41 -2.70163e-28 -7.99123e-19 -2.19033e-12
8.20312 0 0 0 0 0 3.04927e-91 1.69886e-61 3.30031e-42 1.21164e-28 4.63453e-19 1.54003e-12
8.24219 0 0 0 0 0 -1.99447e-92 -3.149e-62 -1.0331e-42 -5.39825e-29 -2.67528e-19 -1.0792e-12
8.28125 0 0 0 0 0 1.25045e-93 5.74536e-63 3.20278e-43 2.38913e-29 1.53706e-19 7.53754e-13
8.32031 0 0 0 0 0 -7.50142e-95 -1.03156e-63 -9.83272e-44 -1.05029e-29 -8.78933e-20 -5.24686e-13
8.35938 0 0 0 0 0 4.29749e-96 1.8222e-64 2.98909e-44 4.58609e-30 5.00206e-20 3.64003e-13
8.39844 0 0 0 0 0 -2.34616e-97 -3.16605e-65 -8.99666e-45 -1.98889e-30 -2.83306e-20 -2.51674e-13
8.4375 0 0 0 0 0 1.21774e-98 5.40944e-66 2.68076e-45 8.56632e-31 1.59684e-20 1.73417e-13
8.47656 0 0 0 0 0 -5.99357e-100 -9.08623e-67 -7.90728e-46 -3.66409e-31 -8.9567e-21 -1.19085e-13
8.51562 0 0 0 0 0 2.78934e-101 1.50002e-67 2.30857e-46 1.55633e-31 4.99921e-21 8.14945e-14
8.55469 0 0 0 0 0 -1.22351e-102 -2.43315e-68 -6.67056e-47 -6.5641e-32 -2.77656e-21 -5.55766e-14
8.59375 0 0 0 0 0 5.04e-104 3.87684e-69 1.90739e-47 2.74892e-32 1.53442e-21 3.77696e-14
8.63281 0 0 0 0 0 -1.94171e-105 -6.06587e-70 -5.39669e-48 -1.14298e-32 -8.43727e-22 -2.55781e-14
8.67188 0 0 0 0 0 6.96344e-107 9.31716e-71 1.5107e-48 4.71816e-33 4.61594e-22 1.72609e-14
8.71094 0 0 0 0 0 -2.31195e-108 -1.40446e-71 -4.18357e-49 -1.9335e-33 -2.51247e-22 -1.16068e-14
8.75 0 0 0 0 0 7.0611e-110 2.07697e-72 1.14599e-49 7.86543e-34 1.36053e-22 7.77699e-15
8.78906 0 0 0 0 0 -1.96877e-111 -3.0123e-73 -3.1048e-50 -3.17601e-34 -7.32937e-23 -5.19215e-15
8.82812 0 0 0 0 0 4.96524e-113 4.28311e-74 8.31863e-51 1.2729e-34 3.92785e-23 3.4539e-15
8.86719 0 0 0 0 0 -1.11978e-114 -5.96837e-75 -2.20386e-51 -5.06328e-35 -2.0939e-23 -2.28923e-15
8.90625 0 0 0 0 0 2.22543e-116 8.14745e-76 5.7727e-52 1.99879e-35 1.11033e-23 1.51172e-15
8.94531 0 0 0 0 0 -3.82245e-118 -1.08915e-76 -1.49479e-52 -7.83013e-36 -5.85633e-24 -9.94604e-16
8.98438 0 0 0 0 0 5.52114e-120 1.42519e-77 3.82593e-53 3.04376e-36 3.07225e-24 6.51945e-16
9.02344 0 0 0 0 0 -6.43073e-122 -1.82471e-78 -9.67809e-54 -1.17398e-36 -1.60297e-24 -4.25738e-16
9.0625 0 0 0 0 0 5.60691e-124 2.28485e-79 2.41926e-54 4.49255e-37 8.31787e-25 2.76971e-16
9.10156 0 0 0 0 0 -3.06414e-126 -2.79682e-80 -5.97526e-55 -1.70559e-37 -4.29239e-25 -1.79503e-16
9.14062 0 0 0 0 0 3.13115e-129 3.34504e-81 1.45798e-55 6.42353e-38 2.20276e-25 1.1589e-16
9.17969 0 0 0 0 0 8.71826e-131 -3.90708e-82 -3.51407e-56 -2.39973e-38 -1.12407e-25 -7.45315e-17
9.21875 0 0 0 0 0 -4.83185e-133 4.45436e-83 8.36504e-57 8.89213e-39 5.70373e-26 4.77468e-17
9.25781 0 0 0 0 0 -5.1351e-142 -4.95408e-84 -1.96635e-57 -3.26794e-39 -2.87769e-26 -3.04681e-17
9.29688 0 0 0 0 0 -1.22822e-157 5.37195e-85 4.56379e-58 1.19106e-39 1.44353e-26 1.93655e-17
9.33594 0 0 0 0 0 -6.62858e-180 -5.67583e-86 -1.04567e-58 -4.30483e-40 -7.19921e-27 -1.22598e-17
9.375 0 0 0 0 0 -8.09096e-209 5.83954e-87 2.36484e-59 1.54277e-40 3.56944e-27 7.73021e-18
9.41406 0 0 0 0 0 -2.23841e-244 -5.84638e-88 -5.27808e-60 -5.48204e-41 -1.75933e-27 -4.85448e-18
9.45312 0 0 0 0 0 -1.40632e-286 5.69179e-89 1.16238e-60 1.93125e-41 8.62003e-28 3.03613e-18
9.49219 0 0 0 0 0 0 -5.38443e-90 -2.52548e-61 -6.74468e-42 -4.19816e-28 -1.89109e-18
9.53125 0 0 0 0 0 0 4.94559e-91 5.41241e-62 2.33492e-42 2.03225e-28 1.17301e-18
9.57031 0 0 0 0 0 0 -4.40679e-92 -1.14396e-62 -8.0119e-43 -9.77777e-29 -7.2457e-19
9.60938 0 0 0 0 0 0 3.806e-93 2.38413e-63 2.72469e-43 4.67546e-29 4.45664e-19
9.64844 0 0 0 0 0 0 -3.1831e-94 -4.89852e-64 -9.18286e-44 -2.22182e-29 -2.72989e-19
9.6875 0 0 0 0 0 0 2.57533e-95 9.92052e-65 3.06678e-44 1.04922e-29 1.66438e-19
9.72656 0 0 0 0 0 0 -2.01352e-96 -1.97996e-65 -1.01483e-44 -4.9236e-30 -1.01152e-19
9.76562 0 0 0 0 0 0 1.51958e-97 3.89351e-66 3.32714e-45 2.29554e-30 6.1004e-20
9.80469 0 0 0 0 0 0 -1.10563e-98 -7.5423e-67 -1.08064e-45 -1.0639e-30 -3.69835e-20
9.84375 0 0 0 0 0 0 7.74546e-100 1.43897e-67 3.47647e-46 4.88699e-31 2.17088e-20
9.88281 0 0 0 0 0 0 -5.21703e-101 -2.70338e-68 -1.10894e-46 -2.25728e-31 -1.37277e-20
9.92188 0 0 0 0 0 0 3.37345e-102 4.9944e-69 3.46415e-47 9.74561e-32 6.83733e-21
9.96094 0 0 0 0 0 0 -2.09791e-103 -9.39408e-70 -1.199e-47 -5.52657e-32 -6.25175e-21
